2502                
3.00303 -1.89555 0.17595
2.99831 -1.89571 0.505037
2.9874 -2.3188 0.175968
2.98273 -2.3182 0.504862
2.96677 -1.89661 -0.14546
2.95861 -1.47214 0.175815
2.95358 -1.47303 0.509118
2.95058 -2.31623 -0.148607
2.92919 -2.31391 0.818756
2.9223 -1.47858 -0.148627
2.91996 -1.8982 0.924106
2.91295 -2.73361 0.175815
2.90799 -2.73235 0.509117
2.87719 -2.72456 -0.148625
2.87649 -1.48671 0.925166
2.85633 -2.71928 0.818777
2.85506 -1.06059 0.175829
2.85022 -1.06218 0.509091
2.84687 -1.90038 -0.559804
2.83497 -2.3037 1.13351
2.83191 -2.30337 -0.559809
2.82003 -1.07209 -0.148573
2.81193 -3.03571 0.508776
2.81164 -3.0356 0.0669158
2.80476 -1.49943 -0.559845
2.77583 -1.08658 0.92509
2.76442 -2.69603 1.13354
2.76316 -1.90322 1.33116
2.76146 -2.69528 -0.559841
2.73875 -3.00866 0.924224
2.73536 -3.00741 -0.355249
2.7346 -0.768614 0.508776
2.73432 -0.768743 0.0669158
2.72229 -1.51405 1.3312
2.70663 -1.10928 -0.55975
2.69383 -3.32757 0.175819
2.68924 -3.3253 0.509109
2.66343 -0.800586 0.924225
2.66076 -3.31123 -0.148609
2.66032 -1.9067 -0.937831
2.66012 -0.80207 -0.355248
2.64635 -2.28327 -0.937838
2.64632 -2.28327 1.5193
2.62706 -1.13538 1.33109
2.6212 3.98105 0.190729
2.62095 -1.53203 -0.937878
2.61942 3.91882 0.360909
2.61905 -3.29061 0.925139
2.61722 4.12814 0.360931
2.60228 4.23216 0.252776
2.596 -0.484034 0.175823
2.59539 3.95536 0.498624
2.59255 3.77564 0.190698
2.59232 -2.95454 1.32986
2.59158 -0.486609 0.509103
2.59022 4.22986 0.145779
2.59016 -2.95375 -0.752995
2.5869 3.74981 0.362258
2.58538 3.99467 0.0404635
2.58355 4.1328 0.525333
2.58051 -2.64949 -0.937876
2.58047 -2.64948 1.51934
2.57531 3.80531 0.499186
2.56451 3.8083 0.0440727
2.56415 -0.502606 -0.148597
2.56035 4.36483 0.361236
2.55375 -3.25834 -0.559813
2.55154 4.22103 0.0103237
2.54704 4.28953 0.531996
2.54695 3.99135 0.630813
2.54422 3.61752 0.323957
2.53956 -1.91079 1.70129
2.5293 -1.16744 -0.937764
2.52785 3.99725 -0.0875722
2.52492 3.81651 0.63251
2.52395 -0.526034 0.925124
2.52102 -0.864559 1.32986
2.51914 3.62833 0.0798664
2.51894 4.45038 0.190907
2.51893 -0.8655 -0.752995
2.50198 -1.55313 1.70135
2.50186 4.14619 0.693378
2.49144 4.43679 0.5255
2.49122 4.20727 -0.113936
2.4895 3.56753 0.499889
2.48629 3.82689 -0.126753
2.47867 -3.22124 1.33117
2.47628 -3.69847 0.17581
2.47608 4.45773 0.0440084
2.47208 -3.69557 0.509127
2.46828 -1.9132 -1.21009
2.46103 -0.562714 -0.559792
2.45554 4.32474 0.69526
2.45531 -2.26258 -1.2101
2.45436 3.99375 0.779806
2.45086 3.44591 0.31246
2.44588 -3.67757 -0.148643
2.44571 4.57754 0.362465
2.44349 3.59171 0.633515
2.43452 3.83565 0.780556
2.43176 -1.56558 -1.21014
2.43063 3.44283 0.146326
2.4272 -1.05695 1.6129
2.42375 4.42901 -0.0890107
2.42226 4.01066 -0.23868
2.41489 -0.220772 0.508776
2.41464 -0.220961 0.0669158
2.40971 4.18822 0.80987
2.40754 -3.65121 0.925188
2.40682 4.62597 0.190646
2.39954 3.61983 -0.144305
2.39852 3.46589 0.0109323
2.39745 4.1304 -0.253692
2.39422 -2.60235 -1.21014
2.39332 -2.25587 1.87031
2.39269 3.38507 0.395613
2.39067 -3.02562 1.61286
2.38867 -0.604886 1.33114
2.38642 -3.17565 -0.937841
2.38311 4.61761 0.499114
2.37881 3.62557 0.753546
2.37247 4.52233 0.662571
2.36519 4.61772 0.0366876
2.35757 3.41383 0.565547
2.35687 4.28928 -0.253816
2.35205 -0.267006 0.924225
2.34913 -0.269153 -0.355248
2.3475 -3.60994 -0.559873
2.34673 -1.22732 -1.21002
2.34424 3.78964 -0.283734
2.34051 4.38351 0.805131
2.33649 -2.58742 1.86712
2.32103 4.58054 -0.0902295
2.31583 -2.98239 -1.15537
2.31004 3.86421 0.910585
2.30937 4.73423 0.360888
2.30376 3.99727 0.930233
2.29982 -0.656695 -0.937753
2.29727 3.66884 0.860703
2.29021 -1.24627 1.86701
2.28878 4.45075 -0.238223
2.28832 4.15861 0.93058
2.28039 -3.56296 1.32746
2.27831 3.26706 0.190808
2.27339 3.26007 0.361768
2.26969 3.40756 0.694578
2.26459 3.93127 -0.375898
2.26081 3.29214 0.524801
2.26071 3.42621 -0.145894
2.26038 -1.92026 2.02708
2.25956 -2.83139 1.86675
2.25678 4.6778 0.631581
2.25587 -1.92043 -1.4501
2.24858 4.52174 0.804199
2.24407 -2.23956 -1.45007
2.24286 -0.855462 -1.15579
2.23945 4.14982 -0.386083
2.23785 3.28217 0.0364325
2.22753 -0.358956 1.32714
2.22698 4.32676 0.929078
2.22696 -1.60204 2.02711
2.22594 -0.360214 -0.749744
2.22357 3.60045 -0.306783
2.22351 4.7938 0.146291
2.22251 -1.60293 -1.45015
2.22104 4.81391 0.312572
2.21645 0.0316645 0.175821
2.21434 4.78128 0.499698
2.21336 4.64215 -0.147989
2.21312 -4.02866 0.175824
2.21311 0.028317 0.504984
2.20979 -4.02531 0.504954
2.20927 3.46544 0.809334
2.19985 4.76217 0.0109884
2.1991 -0.605376 1.61295
2.19883 3.71965 0.954418
2.19744 -1.01014 1.86677
2.19386 -3.50424 -0.9376
2.18988 0.00692323 -0.145606
2.18883 2.1363 0.345342
2.18662 -4.00388 -0.145454
2.18595 4.62526 0.772188
2.17337 -0.00777066 0.818748
2.1723 1.82997 0.345322
2.16326 3.75149 -0.405467
2.16245 2.44159 0.345333
2.16218 -2.66551 -1.4467
2.16178 2.13587 -0.0135905
2.16082 -3.06353 1.86726
2.16055 4.36451 -0.377282
2.15587 3.84996 1.01478
2.15205 -3.97234 0.92397
2.15165 4.54552 -0.281765
2.14946 4.05033 1.0296
2.14834 4.44398 0.928384
2.14499 1.83286 -0.0157995
2.14437 3.95586 -0.450483
2.13838 2.13548 0.702521
2.13532 2.4373 -0.0158346
2.13454 3.53729 0.911498
2.13396 3.25257 0.632142
2.13152 3.16185 0.362264
2.12982 1.6006 0.345297
2.12211 1.83573 0.702745
2.11741 4.19552 1.02882
2.11315 4.75024 0.692715
2.11254 2.43371 0.702792
2.11214 -1.1816 -1.44588
2.11086 3.28542 -0.126575
2.10766 3.14972 0.190909
2.10513 -0.0712946 1.12945
2.10318 1.60685 -0.0153592
2.10268 -0.0734392 -0.556304
2.10005 4.73253 -0.14297
2.09957 -3.92342 -0.556134
2.09744 -3.43668 1.69679
2.08998 2.73801 0.162595
2.08328 -2.22229 2.17964
2.08251 -0.784132 1.86719
2.08081 1.6121 0.702167
2.07967 3.32598 0.778589
2.07705 2.73937 0.527692
2.07586 3.41412 -0.281913
2.07376 3.15863 0.499216
2.07237 4.60787 0.866806
2.0701 3.17231 0.0365483
2.06697 1.37994 0.345315
2.06088 2.13424 -0.356118
2.06066 4.2971 -0.450491
2.05353 3.59921 -0.40544
2.05314 3.61558 0.993242
2.04831 1.99025 0.96693
2.04498 1.84536 -0.3568
2.0411 1.38919 -0.0158084
2.03826 -3.86691 1.32751
2.03726 2.76551 -0.103002
2.03575 2.42161 -0.356867
2.0353 -3.39533 -1.21018
2.03308 4.02408 1.08408
2.03142 -2.51055 2.17968
2.03128 -1.21024 2.10616
2.03011 4.1422 -0.495189
2.02671 4.91543 0.190871
2.02485 4.27312 1.05332
2.02371 -2.99576 -1.45029
2.01933 1.39679 0.702757
2.01772 4.5187 0.954382
2.01692 4.0025 -0.507563
2.01638 4.51692 -0.374717
2.01241 2.64063 0.876782
2.00538 1.62983 -0.355973
2.00378 4.92729 0.362473
2.00082 -2.85775 2.10619
1.99892 3.75418 -0.482461
1.99481 -1.78722 -1.67271
1.99481 4.66268 -0.280962
1.99422 4.9033 0.499205
1.99168 4.82923 0.66835
1.99159 4.88952 0.0368399
1.9896 2.63452 -0.355973
1.9867 2.41387 1.04821
1.97635 3.17189 0.631724
1.97617 2.99418 0.549585
1.97589 3.77067 1.07519
1.97514 3.49704 -0.385322
1.97417 -2.35147 -1.6726
1.96723 1.52848 0.966403
1.96483 -0.199544 1.51728
1.96357 -0.199929 -0.937857
1.96095 3.37453 0.889576
1.96077 -3.79667 -0.937667
1.95774 3.07955 0.341076
1.95748 4.81921 -0.126989
1.95607 4.41352 1.02983
1.95118 3.08567 0.168694
1.94963 -0.408929 -1.15858
1.94594 1.42238 -0.356817
1.94512 1.09651 0.34536
1.94449 4.42069 -0.448691
1.94445 2.85176 0.877553
1.94326 3.58106 1.02138
1.94067 -0.570044 1.86677
1.93596 3.91115 1.10911
1.93542 3.23391 0.753336
1.93528 3.2342 -0.172471
1.9338 1.99645 -0.60667
1.93169 4.74539 0.80997
1.93075 3.10003 0.495919
1.92711 -1.93152 2.31106
1.92619 2.13205 1.20086
1.92233 2.84323 -0.356796
1.92045 1.10861 -0.0158497
1.91844 4.26885 -0.506553
1.91121 -4.31489 0.175818
1.90986 1.86224 1.2037
1.90965 2.40172 -0.604417
1.90795 -4.31096 0.509111
1.90344 0.320838 0.509081
1.90324 0.320588 0.0666035
1.89996 1.1192 0.702812
1.89857 -1.66015 2.3111
1.89831 -0.758166 -1.4432
1.8964 3.12858 -0.0271621
1.8947 4.62655 0.93023
1.89074 4.20033 1.10927
1.88775 -4.28645 -0.148613
1.88389 4.88615 0.632548
1.88211 3.9169 -0.5428
1.87565 4.07153 1.12774
1.87489 -3.71606 1.69692
1.87315 1.6609 1.20271
1.8697 0.279747 0.818718
1.86742 4.58468 -0.385338
1.86538 3.30934 -0.282314
1.86425 -3.27707 2.02708
1.86329 4.0949 -0.548099
1.86318 3.09688 -0.209331
1.86292 1.22182 -0.355973
1.85827 -4.25096 0.923728
1.85762 -3.27318 -1.4532
1.85729 1.56049 -0.606275
1.85461 3.16578 0.698346
1.85136 0.257111 -0.35789
1.8446 3.61824 -0.479973
1.84292 4.92402 0.0118988
1.83912 2.80531 1.13155
1.83895 4.72717 -0.278956
1.83888 2.70073 -0.606328
1.83257 3.41186 0.954394
1.83127 3.18572 -0.150496
1.82947 3.45949 -0.405453
1.82905 4.48833 1.02828
1.82841 3.68265 1.0874
1.8282 3.77004 -0.531011
1.82799 4.9766 0.190681
1.82235 3.09701 0.893068
1.82099 -0.801664 2.10625
1.82013 4.98039 0.360912
1.81939 -1.80565 -1.79961
1.81906 1.46688 1.20091
1.81436 -2.32274 2.37144
1.81393 4.34808 1.08989
1.81227 -4.19596 -0.555819
1.81035 3.97271 1.14052
1.81008 0.208154 1.12958
1.80345 1.12871 0.966479
1.80304 2.38481 1.34828
1.80058 -2.32026 -1.79951
1.79928 4.95785 0.499187
1.79757 -1.3008 2.31312
1.79124 -1.30325 -1.73686
1.78964 0.840739 0.345347
1.78849 4.41487 -0.488977
1.7824 4.86781 -0.126766
1.78164 2.12969 -0.821978
1.7813 3.50715 1.02239
1.77956 0.169951 -0.660049
1.77834 -0.370821 1.86738
1.77599 4.8159 0.780347
1.77563 3.83137 1.13169
1.77432 3.09184 -0.417407
1.77058 -2.75865 2.31314
1.76818 4.66468 0.930452
1.76462 2.00558 1.42313
1.76435 -2.75597 -1.73689
1.7615 0.848338 -0.0158837
1.76019 2.37799 -0.822001
1.75952 1.02747 -0.356131
1.75914 -4.1317 1.32725
1.75695 1.78627 -0.820921
1.74928 3.88479 -0.560126
1.74462 3.25953 0.841614
1.74327 4.2118 -0.550949
1.74225 0.86184 0.704625
1.74126 1.27938 1.2007
1.73443 2.66671 1.35217
1.72728 4.04598 -0.56859
1.71029 2.65873 -0.802474
1.70784 4.61491 -0.393036
1.70377 4.06661 1.15117
1.70264 1.1831 -0.606361
1.69872 -3.79167 -1.2152
1.69669 4.26432 1.12558
1.69478 1.60781 1.4229
1.69323 -4.0506 -0.93733
1.6928 3.30427 -0.311613
1.69239 3.22133 1.00689
1.68959 0.0610682 1.51745
1.68922 0.0598167 -0.938048
1.68763 3.61855 1.08215
1.68735 3.62039 -0.501505
1.6839 4.95782 0.0408596
1.6785 4.9195 0.630883
1.66452 -3.52478 2.02891
1.6628 -0.475201 -1.45312
1.66032 -3.52093 -1.45309
1.66029 3.44314 -0.413741
1.65407 1.42619 -0.819008
1.64926 3.09267 1.20429
1.64902 3.02075 -0.67865
1.64682 5 0.324027
1.64655 4.98569 0.147615
1.64551 4.84668 0.751532
1.64547 4.70551 0.908215
1.64524 3.91088 -0.567572
1.64508 4.77117 -0.263793
1.64469 1.09796 1.20089
1.64434 3.28328 -0.433748
1.64384 2.01209 1.55418
1.64337 4.52727 1.02995
1.64131 -4.50482 0.508776
1.64113 -4.50457 0.0669158
1.62991 3.91433 1.14928
1.62046 3.76474 -0.545128
1.62035 3.76314 1.12611
1.61195 4.97092 0.498543
1.61147 -0.939257 2.31319
1.61078 3.37485 0.951893
1.61053 0.491253 0.740118
1.60886 0.488656 -0.174366
1.60881 4.4891 -0.466276
1.6058 -0.942984 -1.73694
1.59898 4.17846 1.1411
1.5986 -4.43953 0.924225
1.59662 -4.43649 -0.355248
1.59375 0.793474 -0.354818
1.59316 2.01527 -1.02148
1.5897 3.5677 1.0597
1.58907 -3.08856 2.31112
1.58807 3.39437 -0.381444
1.58348 -3.08472 -1.73488
1.58239 0.802504 0.964679
1.5816 0.671953 0.723335
1.57931 -4.0647 1.61314
1.57743 4.40536 1.08153
1.57103 4.38419 -0.507024
1.57034 3.54089 -0.465338
1.57031 4.24117 -0.547814
1.56958 4.10338 -0.567315
1.56737 -0.0883484 -1.20986
1.56694 4.8628 -0.149239
1.56211 0.572176 0.182887
1.5583 0.571191 0.434981
1.55561 3.96332 -0.568019
1.5519 -1.83376 2.54277
1.5493 2.42891 1.61452
1.5458 -0.582313 2.17963
1.54497 -1.83449 -1.96506
1.54364 4.63491 -0.373915
1.539 1.23665 1.42265
1.53789 4.66893 0.930476
1.53724 4.04593 1.14849
1.53588 -2.27267 2.5427
1.52902 -2.27144 -1.96499
1.52861 -0.134387 1.86751
1.5262 3.38032 1.08248
1.525 0.405965 1.14587
1.52472 2.78032 -0.950043
1.52338 0.403422 -0.572077
1.52291 0.569837 -0.0332239
1.52201 0.57127 0.609195
1.52142 1.17351 -0.822013
1.51699 1.65977 1.61797
1.51475 4.81767 0.780355
1.51315 -4.30889 1.32986
1.51189 -4.30696 -0.752996
1.50909 3.01611 1.42276
1.50745 3.90349 1.14078
1.50419 2.02005 1.68058
1.50231 4.88897 -0.0900834
1.50122 4.90892 0.632514
1.50016 3.23769 -0.686379
1.4956 4.94896 0.0440661
1.49264 2.43204 -1.08212
1.48959 3.23962 1.27561
1.4886 0.879904 1.20235
1.47305 4.9828 0.360885
1.47163 1.67281 -1.07802
1.46855 3.83975 -0.545686
1.46518 4.97912 0.190755
1.46397 3.68193 -0.509194
1.46104 2.02237 -1.13391
1.45635 -1.43295 2.54096
1.45011 3.66658 1.08313
1.44985 -1.43546 -1.96327
1.44873 3.51349 1.01685
1.44863 4.32442 1.09382
1.44788 -3.96251 1.8319
1.44762 2.74658 1.61307
1.44224 4.33548 -0.506811
1.43874 4.72566 -0.280748
1.43745 -3.73999 2.02896
1.4345 -2.61393 2.54098
1.43383 -3.73559 -1.45314
1.43056 -0.255184 -1.4531
1.42913 4.13561 -0.545468
1.42818 4.13617 1.12656
1.4281 -2.61118 -1.96329
1.41848 3.79229 1.10959
1.41597 0.763985 -0.587446
1.41439 0.319095 1.42363
1.41405 4.52437 1.00332
1.40221 0.57099 0.90031
1.39815 3.46159 -0.577701
1.39452 0.570947 -0.332716
1.39346 3.56128 -0.446875
1.39266 3.98385 -0.5454
1.39246 3.01386 -0.952257
1.38877 1.35222 1.61989
1.38659 0.272543 -0.941043
1.38578 4.58841 -0.37473
1.38313 4.45054 -0.451388
1.38009 -3.45206 2.25379
1.38004 -3.45201 -1.67249
1.37987 4.93209 0.51673
1.3798 -0.541332 -1.67268
1.37913 -4.66569 0.175824
1.37678 -4.66116 0.5091
1.37661 0.891218 -0.755882
1.36808 2.89073 -1.66062
1.36645 4.00145 1.12185
1.36265 4.64077 0.911516
1.3622 -4.63293 -0.14859
1.35804 3.02486 -1.66061
1.35729 2.89133 -1.52371
1.3571 2.02796 1.79163
1.35233 -4.6138 0.818736
1.34905 3.01817 -1.52756
1.34857 1.37402 -1.07859
1.34366 2.75857 -1.66062
1.33252 2.75673 -1.52757
1.32992 -0.377785 2.17962
1.32529 2.89305 -1.81063
1.32513 0.174701 1.6968
1.32419 3.505 1.19465
1.32403 3.13554 -1.66061
1.322 1.01709 1.4869
1.32144 2.96795 1.61555
1.32043 4.73548 0.809335
1.31661 3.12722 -1.52758
1.31456 3.02511 -1.81031
1.31416 4.20252 -0.507625
1.3128 4.23763 1.08238
1.3111 0.675614 1.18579
1.30947 3.91623 -0.517914
1.30884 -4.52961 1.13348
1.30867 2.77673 -1.44381
1.30782 2.87946 -1.40166
1.30753 3.63471 1.03302
1.30744 -4.52688 -0.559781
1.30632 2.03069 -1.24427
1.30558 -1.14008 2.54102
1.30514 2.77923 -1.81086
1.3048 3.04502 -1.42206
1.29976 -1.1439 -1.96333
1.29792 2.65205 -1.66062
1.29762 2.69424 -1.15981
1.29173 3.79395 -0.494913
1.28984 3.91047 1.09418
1.2878 -2.88145 2.53956
1.28687 4.81165 0.695296
1.28677 4.81162 -0.113929
1.28671 2.65269 -1.52765
1.28645 1.04648 -0.95409
1.28416 4.7035 -0.245332
1.28207 -2.87751 -1.96188
1.28167 3.12656 -1.81004
1.28135 3.31401 1.42292
1.27789 3.3298 -0.833916
1.27413 -4.16112 -1.16174
1.27056 4.38464 1.02385
1.26836 -3.33417 2.37134
1.26812 -0.659204 2.37151
1.26458 2.68063 -1.81117
1.26186 4.86826 0.0103312
1.26158 2.36853 1.83852
1.26131 4.51572 -0.37393
1.26126 3.19522 -1.46661
1.25873 -3.32401 -1.79942
1.25849 -0.669365 -1.79958
1.25713 2.6305 -1.47357
1.25241 2.96626 -1.32693
1.24867 3.26502 -1.60604
1.24575 4.90449 0.145784
1.24431 2.74709 -1.35718
1.24205 3.19728 -1.81048
1.24145 4.91432 0.361093
1.24142 2.44207 -1.26059
1.24091 4.91578 0.252804
1.23965 3.26417 -1.69937
1.23911 3.02108 -1.91915
1.23885 4.54043 0.931433
1.23838 1.74064 1.83847
1.23537 3.14119 -1.3739
1.2328 2.89174 -1.93833
1.23239 2.58227 -1.73665
1.22613 3.70446 1.02867
1.22198 2.54644 -1.6061
1.2218 -4.36105 -0.937803
1.22179 -4.36103 1.51927
1.21859 0.573117 -0.568984
1.2151 0.572996 1.15398
1.21455 4.02768 -0.49027
1.21304 2.83035 -1.29539
1.21214 2.7408 -1.91987
1.21044 3.71773 -0.445357
1.20635 3.29469 -1.52784
1.20211 4.26776 -0.451891
1.19734 3.10615 -1.31279
1.19272 1.8014 -1.29579
1.19095 3.11992 -1.92968
1.19001 2.95261 -1.13305
1.18937 3.26476 -1.81094
1.18707 2.65752 -1.34846
1.18604 0.217627 -1.16114
1.18512 2.57452 -1.42995
1.18153 4.15305 1.04762
1.17833 -0.0667803 2.02711
1.17723 2.62742 1.83846
1.17694 3.17797 -1.01935
1.17569 -0.0704896 -1.45015
1.17369 2.51493 -1.52793
1.17293 4.84163 0.5256
1.16637 3.29178 -1.43772
1.16627 2.51413 -1.73667
1.16107 3.16525 1.62196
1.15962 -1.87498 2.71753
1.15905 2.94122 -1.24366
1.15826 3.22964 -1.35734
1.15783 2.60022 -1.87787
1.15316 0.842154 1.48929
1.15144 -1.87584 -2.13915
1.14766 -2.20289 2.71748
1.14615 3.68841 -0.564387
1.14261 4.39822 -0.374763
1.14126 4.65667 0.780427
1.14086 4.39957 0.954431
1.13956 -2.20143 -2.13911
1.13803 2.85408 -2.00943
1.13778 3.96698 1.03461
1.1377 -3.95598 -1.44384
1.13702 -3.19557 2.49001
1.13678 -0.797823 2.49014
1.13524 1.48908 1.83854
1.13396 2.03994 1.92874
1.13059 -3.18879 -1.914
1.13035 -0.804609 -1.91414
1.13012 3.21197 -1.92372
1.12743 -1.41699 2.67859
1.12638 3.08791 -1.9912
1.12626 4.54523 -0.281679
1.12619 3.91971 -0.442949
1.12596 3.08768 -1.25151
1.12384 3.00117 -2.0158
1.12185 0.876117 -0.95641
1.12164 4.70714 -0.127365
1.11735 2.68068 -1.27409
1.11475 3.38314 -1.66064
1.11441 -1.42369 -2.10312
1.11326 2.45753 -1.62043
1.11265 2.85309 -1.21977
1.11097 -2.60956 2.67698
1.11003 3.66377 1.2143
1.10897 3.374 -1.52369
1.10753 2.53922 -1.38343
1.10738 2.69002 -1.97814
1.10577 -4.13779 1.86686
1.10355 0.570016 -0.681749
1.10035 2.4682 -1.5012
1.09777 -3.87774 2.10608
1.09766 0.497364 -0.821878
1.09372 1.06538 1.68064
1.09147 3.34712 -1.81069
1.08871 2.45986 -1.73668
1.08615 2.51394 -1.84294
1.08349 1.517 -1.29345
1.08164 4.72777 0.631561
1.07942 3.15729 -1.25255
1.07842 2.80884 1.83721
1.07592 3.83338 0.981547
1.06903 4.76519 0.0364357
1.06757 3.30903 -1.36186
1.06617 2.19337 -1.38046
1.06236 1.09509 -1.13396
1.06166 3.12563 -2.0138
1.05935 3.53066 -0.824274
1.05899 4.25514 -0.37389
1.05288 4.4664 0.861014
1.05095 3.27912 -1.92325
1.05064 3.51885 1.42031
1.04328 4.11312 -0.392756
1.03979 0.572949 1.31486
1.03932 3.01879 -1.18886
1.03419 4.78838 0.362474
1.03382 2.89216 -2.06382
1.0318 2.75398 -2.03952
1.02888 4.78154 0.190776
1.0286 0.180887 1.86677
1.02828 4.26959 0.930902
1.0255 3.2437 -1.27713
1.02095 2.49832 -1.36617
1.01717 4.11665 0.95435
1.01558 2.4163 -1.69947
1.0147 2.64061 -1.9971
1.0114 -2.55458 -2.14093
1.00944 2.40651 -1.58069
1.00936 2.53727 -1.92447
1.0075 2.43718 -1.46625
1.00558 3.385 -1.4221
1.00467 3.89427 -0.363744
1.00375 3.20834 -1.99668
1.00267 2.44913 -1.81021
0.998218 2.42587 1.97191
0.993565 0.416579 1.60107
0.992977 3.03766 -2.06484
0.992638 3.44024 -1.66062
0.987425 3.39717 -1.81013
0.986787 1.1667 1.79168
0.986279 4.35574 -0.284617
0.984997 3.43214 -1.52757
0.982391 -4.83576 0.175814
0.98072 -4.83093 0.50912
0.980315 4.5239 0.753605
0.972053 4.70181 0.49955
0.971532 1.70307 1.97191
0.971494 -3.66124 2.31305
0.970338 -4.8009 -0.14863
0.968221 1.90093 -1.41737
0.968072 -3.65538 -1.7368
0.964574 0.702602 1.49742
0.963518 3.92934 0.917668
0.962081 3.32241 -1.92287
0.960229 4.5314 -0.145192
0.957016 3.11074 -1.18815
0.956229 3.3087 -1.30367
0.955136 -4.75692 0.92517
0.951528 2.94804 -2.08579
0.951299 2.97133 1.83847
0.949875 1.20167 -1.24431
0.944678 3.19146 -1.21887
0.944459 2.80152 -2.07652
0.942589 -2.99042 2.63504
0.942382 -1.00301 2.63514
0.936063 -2.98353 -2.05793
0.936038 -1.51547 -2.17484
0.935856 -1.00989 -2.05802
0.934917 2.6838 -2.04364
0.931332 -4.68808 -0.55985
0.924602 4.65288 0.0799377
0.922722 2.57875 -1.98544
0.922081 4.56891 0.632389
0.917907 3.82991 -0.563539
0.916141 3.11749 -2.06136
0.915369 -0.300893 2.31323
0.9143 4.13689 0.866285
0.912194 4.31663 0.809783
0.912152 -0.306867 -1.73698
0.910809 4.13432 -0.282075
0.905481 0.571157 -0.828866
0.90464 4.67149 0.324012
0.903965 -4.60892 1.33121
0.903858 3.02331 -2.08652
0.895393 2.4233 -1.43207
0.88614 3.3498 -1.07648
0.885969 3.24088 -2.00735
0.88591 2.3761 -1.59416
0.885331 2.858 -2.09449
0.882658 3.48717 1.55654
0.877257 2.3912 -1.50579
0.877057 2.38198 -1.69894
0.873411 2.41744 -1.81067
0.870339 -4.51165 -0.937887
0.86914 3.70408 1.34966
0.865051 4.01389 -0.248289
0.863804 4.36174 -0.148757
0.859257 3.46748 -1.66064
0.858633 3.45669 -1.52371
0.856169 3.42474 -1.81063
0.856104 3.42192 -1.43045
0.855298 0.0991523 -1.4457
0.853203 -2.02794 2.8147
0.85312 4.38943 0.693365
0.851625 3.35838 -1.33263
0.851104 -1.55919 2.78716
0.850543 0.405061 -1.11031
0.84978 3.33261 -1.93818
0.847631 1.85465 2.0428
0.845171 2.95481 -2.09962
0.844939 3.25458 -1.24217
0.842932 -2.02756 -2.23598
0.841132 2.4983 -1.92893
0.840114 4.03446 0.796838
0.838863 -2.45934 2.78622
0.83384 3.18693 -1.20102
0.833524 -3.42455 2.48811
0.830857 -4.39745 1.70135
0.830625 3.87484 1.14771
0.827998 2.74953 -2.07773
0.827604 4.47624 0.0103239
0.825262 0.0185633 2.10618
0.824571 1.32039 1.92878
0.824006 0.716006 -1.00515
0.823829 4.17726 -0.172489
0.823373 4.22401 0.739757
0.821003 1.78336 -1.90545
0.816019 4.48516 0.533746
0.81531 1.84085 -1.77158
0.809377 3.37074 1.68062
0.807552 -4.33004 -1.21015
0.807113 3.18562 -2.04129
0.805981 1.98412 -1.90541
0.805827 1.69764 -1.7715
0.801283 1.98324 -1.77149
0.800289 2.37222 -1.62051
0.797297 2.13158 2.07522
0.796478 1.78467 -2.04015
0.795805 2.64116 -2.03417
0.793651 2.87014 -2.09776
0.793542 0.276241 1.86922
0.79318 4.49592 0.145781
0.792864 3.08172 -2.07979
0.792711 3.5642 -0.952772
0.792682 2.08954 -1.49437
0.791128 1.57982 -1.43466
0.787474 4.5156 0.312312
0.784435 1.5854 -1.9054
0.783675 -3.33912 -1.96323
0.782965 2.57338 -1.99164
0.780719 4.26097 -0.0768933
0.778762 1.9928 -2.04202
0.775513 1.36368 -1.37976
0.773042 1.83904 -1.61391
0.772622 3.72304 -0.804634
0.770892 4.27126 0.632556
0.765383 2.69595 2.00886
0.764369 1.60541 -2.042
0.763609 1.96951 -1.62157
0.761109 1.69086 -1.61185
0.760808 2.93861 -2.09723
0.755656 1.51892 -1.77122
0.755053 2.14991 -1.9054
0.750968 3.31245 -1.28963
0.749915 0.570607 1.4924
0.74571 4.413 0.405182
0.745189 2.16081 -1.77122
0.744592 2.39622 -1.48991
0.744218 2.39234 2.07426
0.741668 -0.622968 2.54105
0.741339 1.91859 -2.166
0.739311 -4.13342 2.02723
0.738975 3.40528 -1.40972
0.738362 -0.629096 -1.96336
0.738245 3.33836 -1.92315
0.737668 -4.12924 -1.45022
0.735511 2.744 -2.06931
0.733812 4.12649 -0.0372969
0.732527 1.69639 -2.16675
0.731153 4.12889 0.618029
0.731041 2.42261 -1.8106
0.730687 3.45041 -1.52758
0.730268 3.24648 1.79167
0.726696 2.15253 -2.04201
0.726561 3.44547 -1.73667
0.724589 2.38759 -1.69896
0.721935 3.23868 -2.0034
0.718824 1.00737 -1.2427
0.718773 2.50217 -1.91942
0.717345 4.29705 0.105279
0.71693 3.13464 -2.05335
0.7163 0.756712 1.66871
0.715944 1.42592 -1.90538
0.715209 1.5346 -1.6109
0.714636 1.83884 -1.50411
0.714158 2.14693 -1.63822
0.713382 2.825 -2.08447
0.709029 4.26184 0.482379
0.708233 1.02344 1.83851
0.701435 3.39034 -1.84669
0.700929 1.45013 -2.04145
0.699341 4.31032 0.290022
0.698306 4.00647 -0.430665
0.698003 3.02872 -2.07907
0.69548 2.03297 -1.52229
0.69502 1.70812 -1.49031
0.691168 -3.18047 2.63369
0.691042 4.03929 0.944889
0.690663 1.54598 -2.16344
0.685627 2.27756 -1.90536
0.681624 2.27494 -1.77147
0.681209 2.13161 -2.1633
0.680837 3.45206 -1.6059
0.679927 0.807561 -1.13729
0.677792 3.22187 -1.24097
0.675991 4.17851 0.16725
0.672235 2.93072 -2.08329
0.671255 4.18358 0.36291
0.667503 2.39418 -1.60067
0.667281 1.9095 -2.277
0.666546 1.35482 -1.77134
0.665312 2.26405 -2.03977
0.664622 -1.65515 -2.25918
0.664256 2.63936 -2.0112
0.661064 1.70934 -2.27531
0.660832 -1.30017 2.78497
0.656747 -1.30448 -2.20532
0.655143 -2.35792 -2.2586
0.652566 3.41214 -1.46688
0.649111 3.31605 -1.3226
0.648634 3.28991 -1.94404
0.647076 1.36871 -1.67038
0.641577 -2.02019 -2.27966
0.640781 3.9253 -0.606311
0.637909 -2.02005 2.8617
0.63772 2.19488 -1.53831
0.634353 -3.083 -2.0982
0.634004 3.36505 -1.17046
0.633992 2.48457 -1.86265
0.631817 -2.83851 2.75703
0.631713 3.07855 -2.04973
0.63087 -2.83725 -2.17616
0.630618 -3.81826 2.3111
0.623344 2.77263 -2.04973
0.622374 1.5739 -2.27456
0.621528 1.59838 2.07397
0.619185 1.5173 -1.47182
0.617251 1.3898 -1.57726
0.614734 2.92498 -2.06755
0.612724 2.56566 -1.93834
0.61026 3.05799 1.92877
0.60943 2.43035 -1.73709
0.60928 4.14724 0.713547
0.608464 4.12787 -0.199432
0.607851 1.39648 -2.16624
0.607361 2.32451 -1.63843
0.601335 3.40755 -1.73678
0.597488 2.13493 -2.27748
0.596875 1.26247 -1.90542
0.596232 2.39172 -1.90537
0.59271 2.38843 -1.77122
0.591823 0.571401 -0.976353
0.588479 2.43556 -1.52828
0.586844 2.36499 -2.04228
0.584806 3.76563 1.42299
0.581644 0.57135 1.56145
0.579542 1.8637 2.12584
0.579502 1.78144 -2.36986
0.578908 1.27954 -2.04089
0.577867 3.13909 -2.0081
0.576699 2.29984 -2.16866
0.573736 -4.94545 0.175816
0.57276 -4.94044 0.509116
0.572538 2.68544 -1.99665
0.571264 3.33178 -1.85261
0.5667 -4.90926 -0.148622
0.562636 -2.30686 2.85991
0.557828 -4.86358 0.925158
0.556279 3.35584 -1.44452
0.553562 3.3871 -1.52762
0.55296 3.20725 -1.28673
0.547866 1.43973 -2.2765
0.543935 -4.79207 -0.559835
0.543933 3.3931 -1.62042
0.543573 1.40324 2.04135
0.542495 2.44742 -1.62036
0.541005 3.94726 1.20373
0.539302 -0.146731 2.31312
0.537411 -0.153247 -1.73687
0.534828 2.00215 -2.38794
0.52945 1.20679 -1.77135
0.528742 3.60572 -1.01938
0.528663 3.2316 -1.92251
0.528183 2.54663 -1.86293
0.527964 -4.70985 1.33119
0.527269 2.16984 2.14805
0.52388 3.5958 1.61357
0.521494 2.63825 -1.93829
0.521455 3.2778 -1.36675
0.520894 -3.93303 -1.67269
0.519288 2.82354 -2.01459
0.516932 3.02075 -2.01163
0.516345 1.63103 -2.39421
0.514291 -2.68173 2.81319
0.508337 -4.60883 -0.937869
0.506681 2.37347 -1.55562
0.505473 1.25748 -1.41972
0.500609 3.81032 -0.821936
0.500187 2.938 -2.01161
0.495637 2.48594 2.12508
0.492453 2.27949 -2.27894
0.489361 3.34513 -1.71112
0.489008 1.35254 -1.45567
0.487948 2.5021 -1.73675
0.487109 3.13585 -1.95256
0.486422 2.49491 -1.54193
0.485294 -4.49023 1.70133
0.481245 -0.824358 2.67861
0.480858 1.16806 1.9719
0.480189 0.44585 1.76568
0.479647 0.443215 -1.18789
0.478174 -1.7511 2.88001
0.476888 3.29076 -1.81014
0.475691 -0.837909 -2.10314
0.475145 -3.76269 -1.79959
0.471693 -4.4202 -1.21013
0.468199 3.31842 -1.50046
0.466388 0.898984 1.83843
0.466339 1.19596 -1.63998
0.462511 1.086 -1.3576
0.460729 1.26835 -1.52136
0.455134 1.75025 -2.45533
0.454746 1.87723 -2.4582
0.447932 -2.59319 -2.25986
0.446366 1.45302 -2.36946
0.446296 2.74816 -1.9402
0.443447 1.22694 -2.166
0.441742 2.52063 -1.90547
0.439491 1.13461 -1.90537
0.439183 2.51655 -1.77128
0.437591 1.16167 -2.03817
0.437033 -0.498065 2.54097
0.435085 -0.50475 -1.96328
0.431878 -4.21602 2.02712
0.430912 -4.21155 -1.45021
0.429327 2.17645 -2.39475
0.429246 -3.59179 2.49015
0.428237 2.49957 -2.0417
0.427454 3.317 1.8385
0.424691 3.20261 -1.3979
0.423857 3.14044 -1.35101
0.422921 3.29909 -1.66119
0.422548 3.17902 -1.86263
0.422162 2.65226 -1.8552
0.421925 2.54348 -1.62043
0.421775 2.48801 -1.64032
0.417369 1.59837 -2.44862
0.416922 3.05477 -1.92397
0.411061 1.12392 -1.77148
0.408211 0.253312 2.00283
0.404863 -2.1091 2.89619
0.403576 -3.4962 -1.96505
0.400469 2.45589 -2.1662
0.399207 0.226512 -1.45035
0.399067 1.28717 -2.27723
0.398321 2.85015 -1.92093
0.397908 2.95131 -1.92676
0.396303 2.59659 -1.7367
0.393049 -2.10581 -2.31629
0.387941 1.87539 -2.58548
0.387114 3.20605 -1.77622
0.385657 2.89309 2.0441
0.38319 1.76589 -2.54717
0.380716 3.23484 -1.53475
0.378436 1.76505 -2.64065
0.370023 0.570255 1.62046
0.368604 1.9252 -2.49822
0.368427 -3.88866 2.31109
0.367229 1.73218 -2.49767
0.365882 2.62409 -1.53935
0.364475 1.96493 -2.55588
0.363717 1.81172 -2.69711
0.363415 -1.11193 2.78717
0.362494 3.22221 -1.62047
0.361168 -1.11741 -2.2075
0.360567 2.39367 -2.27644
0.359788 1.88841 -2.69724
0.359102 3.14159 -1.44817
0.355933 -3.3188 2.63515
0.352677 2.79429 -1.84596
0.352315 0.84347 -1.24708
0.352298 2.14689 2.17864
0.351917 1.97489 -2.64544
0.351842 1.66554 -2.55163
0.349321 3.09414 1.96731
0.349097 1.67384 -2.64543
0.345978 -1.46299 -2.28166
0.34565 1.68866 2.14536
0.344004 -1.46604 2.8637
0.343265 2.71636 -1.77665
0.342488 2.65859 -1.67536
0.341121 3.07904 -1.81092
0.331906 1.18394 -1.52089
0.326158 1.46873 2.10046
0.322536 1.71848 -2.74505
0.322527 3.13509 -1.69928
0.318808 2.9567 -1.81751
0.317952 0.570485 -1.05159
0.316875 2.98726 -1.43699
0.315752 1.34804 -2.37442
0.313915 2.74831 -1.51669
0.310446 3.52991 -1.134
0.308405 4.26721 0.347727
0.308321 1.94726 -2.75907
0.307748 1.58757 -2.57366
0.30697 3.06041 -1.50225
0.306806 4.23977 -0.015816
0.303559 4.21704 0.702783
0.30232 2.87513 -1.77603
0.301407 2.05843 -2.49959
0.300942 -3.11405 -2.13914
0.299882 2.81594 -1.49787
0.2997 2.29272 -2.39367
0.29958 -1.72715 -2.31783
0.297697 1.83551 -2.79779
0.29611 2.07841 -2.54832
0.295662 2.04038 -2.69718
0.29547 1.22707 -1.44392
0.295386 1.06719 -1.77122
0.294093 3.36453 -1.25316
0.293895 2.52336 -1.56977
0.293547 1.58772 -2.49858
0.292553 4.14009 -0.356854
0.291486 2.07681 -2.64079
0.290736 2.77765 -1.66064
0.290026 3.06493 -1.60048
0.288073 1.08609 -2.04201
0.284052 1.05794 -1.90543
0.283853 1.59862 -2.69725
0.282715 1.89474 2.18015
0.27898 2.95021 -1.6993
0.276632 -2.56421 2.8646
0.273887 1.46154 -2.45839
0.273686 2.66255 2.1265
0.273268 4.00527 1.20376
0.272965 2.91148 -1.5808
0.270755 2.59718 -1.77122
0.268113 3.97055 -0.676956
0.264054 2.57806 -2.04202
0.262853 1.54563 -2.61906
0.262066 1.73887 -2.8169
0.261057 2.57023 -1.65454
0.260613 0.0817296 2.1796
0.259232 -4.9825 0.508776
0.259205 -4.98219 0.0669158
0.258768 2.60621 -1.9053
0.252506 -4.90478 0.924226
0.252193 -4.90117 -0.355249
0.249754 -2.92345 2.78497
0.249086 1.92551 -2.8247
0.246978 2.52938 -2.16621
0.242724 3.79255 1.48673
0.239047 -4.74924 1.32986
0.239018 3.22324 -1.33856
0.238849 -4.74695 -0.752994
0.236169 3.74701 -0.953825
0.233082 1.61439 -2.77661
0.23184 -1.63954 2.89459
0.231593 2.12873 -2.49923
0.226914 -2.05399 2.91404
0.223274 -2.05306 -2.33289
0.222797 2.07732 -2.75334
0.222661 2.46109 -2.27475
0.221883 1.50977 -2.55164
0.221774 2.3733 2.17968
0.218101 1.07512 -1.63637
0.21753 2.13967 -2.64801
0.208702 1.52876 -2.69722
0.208303 -4.39394 1.86888
0.207411 1.24627 2.04484
0.207302 1.11222 -2.16871
0.206554 1.84349 -2.86481
0.200526 2.11135 2.19645
0.19658 2.01662 -2.82033
0.19522 -2.72039 -2.25783
0.194351 1.76243 -2.86644
0.186942 2.17 -2.58463
0.186878 1.18326 -2.27793
0.186428 -2.37865 2.895
0.185529 0.570526 1.64936
0.184578 2.34865 -2.3934
0.183322 0.825382 1.83953
0.181003 -2.36749 -2.31516
0.177094 1.12646 -1.51782
0.177067 0.465782 -1.2106
0.172471 1.29347 -2.38757
0.168265 1.66249 -2.84939
0.162288 1.97388 -2.85928
0.159487 1.56205 -2.78248
0.159292 1.47439 -2.60953
0.149245 1.91543 -2.8819
0.146426 4.14567 0.968241
0.145365 1.47578 -2.49851
0.142471 1.02132 -1.37084
0.139371 2.18025 -2.49889
0.138936 2.13634 -2.7448
0.135731 2.0731 -2.81242
0.119786 0.499197 1.75667
0.113673 1.83575 -2.90278
0.110774 1.05484 1.96844
0.108411 0.00530615 -1.6726
0.108241 1.17059 -1.438
0.108007 2.17785 -2.69307
0.107984 1.45534 -2.54766
0.107726 3.60289 1.68036
0.104969 1.47817 -2.69747
0.0997019 -0.156827 2.37144
0.0989509 -0.170806 -1.79951
0.0972963 3.45597 1.79143
0.0943759 1.7188 -2.89427
0.0928117 1.58652 -2.83157
0.0894591 -0.347503 2.49009
0.0889579 -0.356838 -1.91408
0.0869226 1.01077 -1.90547
0.0864507 1.01556 -1.77137
0.0843696 1.03522 -2.04018
0.0826892 1.52739 -2.7805
0.0814131 3.23309 1.92858
0.0792412 2.20644 -2.60532
0.0776019 3.00113 -1.45425
0.0746505 -4.51838 -1.14655
0.0742987 -0.629746 2.6351
0.0737898 -0.639221 -2.05798
0.0665295 2.20043 -2.49803
0.0605783 0.570467 -1.07772
0.0591621 2.64696 -1.90549
0.0589413 2.64215 -1.77124
0.0574656 2.62243 -2.04026
0.0573303 1.95073 -2.8968
0.057137 2.61841 -1.67072
0.0538061 2.57087 -2.16526
0.0523407 -1.03852 2.78495
0.0520222 -1.04445 -2.2053
0.0496093 2.58229 -1.57609
0.0495349 2.03987 -2.85942
0.0485566 2.49673 -2.27633
0.046158 -1.7678 2.91321
0.0449274 -1.80137 -2.33381
0.0441904 -4.59901 1.61111
0.0434578 1.92384 2.19692
0.0412548 1.36897 -2.45579
0.0404294 1.76046 -2.90979
0.0401429 2.37871 -2.39396
0.0395917 2.13096 -2.78834
0.0386672 1.55705 2.14544
0.0384362 -4.25423 -1.45081
0.0371659 -4.17577 2.10406
0.0329622 -3.92874 2.30886
0.0328879 -3.92307 -1.73182
0.0285657 1.86265 -2.91501
0.0282916 1.62268 -2.86548
0.0279659 1.43857 -2.58541
0.0269401 -3.56548 2.53651
0.0267776 -3.55566 -1.96036
0.0264894 1.73397 2.17693
0.0250377 1.10494 -1.52088
0.0149031 2.21711 -2.57925
0.0106593 2.19104 -2.69718
0.0082253 2.29957 2.19604
0.000965971 3.63358 -1.07567
0.000828966 4.26207 -0.0135352
0.000783774 3.8098 1.48668
0.000778874 4.02644 1.20085
0.00073837 3.88185 -0.821983
0.000659921 4.23865 0.702532
0.000656593 4.16118 -0.356054
0.000650956 4.28913 0.345356
0.000635319 4.0336 -0.603747
-0.00326395 2.26193 -2.47088
-0.00852988 1.4892 -2.74458
-0.0102882 2.72301 -1.54413
-0.0140712 1.68224 -2.89234
-0.0161288 1.78291 -2.91393
-0.0199011 1.04197 -1.64839
-0.0207509 2.7364 2.1235
-0.0236597 1.15728 -2.27626
-0.0245778 1.4473 -2.6466
-0.0248407 1.38331 2.09955
-0.0265947 1.083 -2.16514
-0.0293315 2.98884 2.0411
-0.0331961 0.104455 2.17379
-0.0359655 1.5537 -2.81708
-0.0359887 0.256222 -1.45293
-0.0378101 1.45088 -2.49796
-0.038981 2.10055 -2.8179
-0.0408007 2.45231 2.17901
-0.0446101 -4.40547 1.86705
-0.0475233 0.794396 -1.24431
-0.0494053 0.743596 1.79166
-0.0494134 -4.65729 -0.937622
-0.0500877 1.91823 -2.90459
-0.0501814 1.83167 -2.91368
-0.0513842 -4.76189 1.32737
-0.0526571 2.0199 -2.8696
-0.0527808 -4.84527 -0.555976
-0.0528123 -1.58727 -2.31476
-0.0541846 -4.91694 0.923975
-0.0544289 -1.57494 2.89458
-0.0551607 -4.96374 -0.145381
-0.0557548 -4.99528 0.50482
-0.0560344 -5 0.175971
-0.059892 -2.95206 2.78618
-0.0607231 1.2539 -2.37425
-0.066327 2.19852 -2.49808
-0.0708002 -2.19145 -2.33333
-0.0718979 -2.19444 2.91451
-0.0723944 -3.14874 -2.14087
-0.0726143 2.15816 -2.7446
-0.0741518 1.37664 -2.45747
-0.0796219 -3.26226 2.67691
-0.0808137 1.4491 -2.54709
-0.0813055 -1.37008 2.86368
-0.0817776 -1.36648 -2.28164
-0.0819317 2.19976 -2.6453
-0.083084 2.20558 -2.55153
-0.0851776 1.50074 -2.74474
-0.0861032 3.32735 -1.29453
-0.0916332 1.16889 -1.43773
-0.0960938 1.72379 -2.89417
-0.098902 1.79793 -2.90458
-0.105237 1.46286 -2.64794
-0.107279 1.01619 -1.36888
-0.112823 1.60257 -2.83761
-0.119628 1.96222 2.1965
-0.120833 -2.62315 2.86164
-0.121534 -2.62676 -2.2796
-0.123444 1.88083 -2.89535
-0.127715 1.09649 -1.54934
-0.12928 2.37077 -2.38958
-0.133606 2.10954 -2.77833
-0.137035 1.95592 -2.87532
-0.140079 1.04343 -2.04014
-0.142348 2.63033 -1.77158
-0.143233 2.63502 -1.90534
-0.143458 1.02398 -1.77136
-0.144357 1.01925 -1.90538
-0.146865 0.405078 1.87228
-0.156573 2.1552 -2.69755
-0.159974 -2.82475 -2.23587
-0.160302 2.03905 -2.82567
-0.163482 2.47794 -2.27787
-0.167076 1.71286 -2.8671
-0.167684 1.53405 -2.74468
-0.168101 2.163 2.19739
-0.169227 1.48944 -2.49989
-0.170675 1.14654 2.00759
-0.173492 -2.3621 -2.31709
-0.174055 2.17557 -2.57895
-0.178744 -2.37311 2.89702
-0.181034 2.24645 -2.45849
-0.181649 2.54959 -2.16863
-0.185914 2.55708 -1.57351
-0.18931 1.49724 -2.6453
-0.190658 1.07074 -1.63879
-0.19126 2.58731 -1.63653
-0.192209 1.49205 -2.55163
-0.19469 2.6014 -2.04076
-0.196585 1.80857 -2.87
-0.19774 1.18657 -2.2748
-0.19813 2.15003 -2.4991
-0.20022 1.8978 -2.861
-0.201146 3.13398 1.96725
-0.205426 -1.95221 -2.33384
-0.209136 -1.95141 2.91501
-0.209985 0.571316 1.64853
-0.21671 1.6705 -2.82481
-0.220005 3.12726 -1.3893
-0.22094 2.08348 -2.74459
-0.229992 1.83532 2.1795
-0.245942 0.478352 -1.18936
-0.246423 3.36576 1.83842
-0.247276 0.571507 -1.06124
-0.248415 -3.5314 -1.96185
-0.248927 2.11562 -2.64537
-0.249531 -3.53827 2.53953
-0.251794 1.56627 -2.69717
-0.252793 2.12016 -2.55164
-0.255399 1.98335 -2.7952
-0.256983 1.12899 -2.16851
-0.26013 1.91857 -2.8159
-0.260511 1.61256 -2.74625
-0.265748 3.97061 -0.676904
-0.266313 1.55139 -2.61926
-0.266841 1.34242 -2.39346
-0.270879 4.00533 1.2037
-0.271298 2.66472 2.12523
-0.272449 2.9301 -1.57217
-0.274219 1.80106 -2.81712
-0.27668 1.57183 -2.49945
-0.279972 2.98649 -1.69666
-0.280831 2.83353 -1.57174
-0.280963 0.648271 -1.12024
-0.281093 3.02483 -1.59271
-0.281232 2.59178 -1.77148
-0.282667 2.59636 -1.90505
-0.285913 2.80165 -1.68137
-0.287634 2.30432 2.17905
-0.288088 1.5689 -2.55154
-0.29326 3.60784 -1.07483
-0.293618 -1.09324 -2.2075
-0.295455 -1.08761 2.78717
-0.297977 4.26832 0.345542
-0.299311 1.22625 -1.44416
-0.299485 3.02574 -1.5003
-0.299619 1.7294 -2.77668
-0.300355 2.89233 -1.7763
-0.300367 2.92071 -1.46437
-0.301066 4.21699 0.702729
-0.301153 -2.9087 2.78427
-0.301319 2.79455 -1.50494
-0.301697 1.55272 2.12528
-0.302178 3.65405 1.61468
-0.302455 2.0551 -2.49932
-0.304322 4.23981 -0.0157885
-0.305085 1.11948 -1.60947
-0.30706 -3.89244 -1.73485
-0.307825 2.72285 -1.59511
-0.308146 -3.89913 2.31109
-0.30862 0.851364 1.84121
-0.311659 3.02796 -1.77659
-0.312314 2.01441 -2.69741
-0.313591 1.09727 -2.042
-0.315108 3.13551 -1.59268
-0.316581 -1.73937 -2.31579
-0.321605 1.07867 -1.77123
-0.321911 -0.476794 -1.96333
-0.323356 -0.469984 2.54102
-0.326143 -1.73162 2.89566
-0.328714 1.6331 -2.64059
-0.328987 3.78807 -0.893218
-0.32978 2.02923 -2.5473
-0.331272 3.13833 -1.73629
-0.333645 2.02273 -2.6093
-0.334941 1.8788 -2.74507
-0.335398 2.77966 -1.81492
-0.336683 1.08016 -1.90537
-0.337626 3.83229 1.42285
-0.338116 1.24897 -2.27651
-0.339716 2.92809 -1.85788
-0.340709 2.27479 -2.38719
-0.342028 1.7054 -2.69722
-0.346235 1.67528 -2.49889
-0.347042 2.40234 -2.27396
-0.347553 1.66011 -2.55164
-0.348919 2.66698 -1.73702
-0.350888 0.234477 2.02901
-0.350921 2.65359 -1.53388
-0.353317 2.06541 2.17821
-0.354644 3.15579 -1.46433
-0.356412 3.06803 -1.39624
-0.359142 1.77966 -2.6971
-0.360685 -4.22393 -1.45007
-0.361501 -4.22841 2.027
-0.363238 -3.09614 -2.13814
-0.367405 1.92407 -2.64523
-0.368625 1.90445 -2.49795
-0.371537 2.60269 -1.61261
-0.372262 1.76625 -2.49905
-0.372996 3.21308 -1.73656
-0.379445 1.84439 -2.64521
-0.381148 1.74925 -2.57893
-0.382168 1.99834 -2.47783
-0.382292 2.47426 -1.56507
-0.383444 1.88618 -2.55142
-0.385355 2.46526 -2.16276
-0.386848 0.851533 -1.24271
-0.387224 -0.806061 -2.10314
-0.391085 3.12648 -1.86541
-0.391763 -0.792137 2.6786
-0.392005 4.11068 0.966329
-0.393807 3.26873 -1.59256
-0.394967 -4.43361 -1.21013
-0.39641 1.06693 -1.36109
-0.396699 3.32713 -1.255
-0.396755 -2.10074 -2.31551
-0.397936 -0.118673 -1.73695
-0.398536 1.44473 -2.39326
-0.39935 -0.112037 2.3132
-0.400362 4.15347 -0.27399
-0.40299 2.80746 -1.91972
-0.405088 2.49654 -1.64126
-0.406399 -4.50402 1.70134
-0.406494 2.58205 -1.73656
-0.40873 -2.10387 2.89537
-0.409095 1.22976 -1.52407
-0.409271 2.6857 -1.86565
-0.409318 2.97688 -1.93757
-0.412044 2.50853 -2.0384
-0.413206 2.53561 -1.90545
-0.419237 3.19859 -1.40102
-0.419745 2.97226 2.00921
-0.420209 1.21472 -2.16456
-0.422352 2.52473 -1.77118
-0.424969 4.08045 -0.441445
-0.425772 -4.62328 -0.93787
-0.429912 -3.29745 2.63377
-0.431278 3.28748 -1.73661
-0.442272 -4.72486 1.33119
-0.445694 3.31041 1.83716
-0.447902 3.0758 -1.94895
-0.449417 1.56507 -2.41538
-0.453201 2.51735 -1.54484
-0.453536 2.87688 -1.9768
-0.453885 1.86557 -2.4586
-0.4557 -4.80754 -0.559837
-0.45586 3.93233 -0.676872
-0.458877 -1.40609 -2.25839
-0.459368 2.13388 -2.39366
-0.46007 2.3172 -2.27318
-0.460954 -1.40342 2.83898
-0.463212 1.15239 -1.90537
-0.464617 3.9669 1.20271
-0.466711 1.25378 2.00931
-0.467379 -4.87944 0.92516
-0.467716 0.213381 -1.44978
-0.468565 3.29704 -1.44936
-0.472698 2.51386 -1.73661
-0.474838 -4.92536 -0.148622
-0.477614 2.50211 2.12649
-0.478127 -2.56784 -2.25986
-0.479934 -4.95673 0.509116
-0.480757 -4.96176 0.175816
-0.484765 2.58528 -1.86618
-0.486273 1.21463 -1.63962
-0.486453 1.36683 -2.27634
-0.487655 -3.47178 -1.96332
-0.492759 2.47783 -1.61257
-0.493944 3.18788 -1.31187
-0.494516 -2.38201 2.8657
-0.494723 1.20399 -2.04082
-0.496411 1.36265 -1.45811
-0.498842 1.72625 2.12648
-0.49897 0.570767 1.58588
-0.501408 3.2728 -1.86425
-0.507055 1.18831 -1.77131
-0.510443 3.17178 -1.95395
-0.510833 2.37036 -2.16188
-0.513983 3.01061 -2.01278
-0.519557 2.66789 -1.9588
-0.522759 2.77549 -2.00694
-0.524352 3.38305 -1.5927
-0.525234 2.20301 2.14609
-0.526639 1.32752 -1.52461
-0.531781 3.3713 -1.73666
-0.532419 1.68336 -2.39395
-0.535506 3.36536 -1.49021
-0.536275 1.98271 -2.38913
-0.537253 2.39805 -1.64587
-0.537595 2.92038 -2.03413
-0.54007 1.316 -2.16612
-0.541608 1.51314 -2.32447
-0.546075 3.58311 1.61536
-0.546183 2.40658 -2.03765
-0.549235 -2.65261 2.8132
-0.549419 -3.65822 2.43209
-0.549705 2.42901 -1.77124
-0.550159 2.45966 -1.73658
-0.552944 2.43257 -1.90538
-0.557991 0.426248 -1.18787
-0.558415 4.17681 -0.0582676
-0.558547 0.428505 1.76538
-0.559313 2.19629 -2.27648
-0.560965 4.16734 0.691366
-0.571884 4.20711 0.402956
-0.572159 4.20802 0.177238
-0.5742 3.28674 -1.33567
-0.574668 3.66093 -0.953832
-0.574762 -1.71718 2.86086
-0.574834 1.81807 -2.37256
-0.575918 0.709947 1.68025
-0.5796 2.28583 -1.5468
-0.583187 3.1036 -2.02333
-0.58478 0.185703 2.02683
-0.584999 1.0395 1.88525
-0.589155 1.47288 -1.46784
-0.594035 3.43701 -1.1335
-0.595785 1.26326 -1.90542
-0.602162 2.84086 -2.05643
-0.60278 -3.8193 -1.73693
-0.605292 1.93802 2.12454
-0.60999 3.75544 1.42097
-0.614113 1.47009 -2.2199
-0.618833 1.36076 -1.62162
-0.620698 2.23755 -2.16619
-0.621502 2.48199 -1.85354
-0.625933 2.42241 -1.73631
-0.627939 2.53369 -1.91928
-0.630496 3.3774 -1.41235
-0.630708 1.35233 -2.05995
-0.633468 -4.31971 1.86669
-0.634047 -0.578474 -1.96327
-0.634355 2.03812 -2.27716
-0.634932 2.40438 -1.59757
-0.636744 -2.03575 2.86111
-0.636891 -0.57212 2.54096
-0.643283 3.223 -1.25209
-0.643558 2.41149 -1.51705
-0.64426 3.41753 -1.49045
-0.644576 3.26549 -1.96378
-0.646168 2.32244 -1.77154
-0.646575 3.44018 -1.59263
-0.646664 3.35057 -1.88132
-0.646667 3.03728 -2.06543
-0.646932 1.6539 -2.27641
-0.647343 1.33297 -1.77129
-0.647679 -1.16351 2.75415
-0.65088 3.42699 -1.73662
-0.652456 3.8717 -0.678536
-0.652929 2.25848 -1.63968
-0.65525 2.59256 -1.97891
-0.65761 -3.9848 2.18203
-0.6607 0.973312 -1.24439
-0.662385 1.61066 -1.48184
-0.66327 1.87421 -2.28365
-0.664099 2.26621 -2.04078
-0.664568 0.570961 -0.949852
-0.66545 3.90594 1.20294
-0.66649 4.18288 0.282987
-0.668032 3.20246 1.83851
-0.668681 3.31066 -1.30918
-0.669618 -1.67111 -2.25987
-0.672307 -2.32163 -2.25855
-0.672344 2.66202 -2.02552
-0.67399 2.66682 2.04409
-0.673992 3.20365 -2.01306
-0.674129 -2.80154 -2.17617
-0.675142 -2.80275 2.75704
-0.678042 2.79123 -2.07208
-0.68073 4.16999 0.135018
-0.680798 2.08842 -1.52804
-0.682142 2.93205 -2.08664
-0.683504 4.16765 0.46939
-0.684743 2.27986 -1.90544
-0.691948 4.30306 0.288445
-0.694145 1.53049 -1.57671
-0.694288 2.23583 2.1026
-0.703928 1.57253 2.04407
-0.707132 4.08333 -0.227356
-0.707873 -4.13537 -1.45598
-0.708938 1.81584 -2.22192
-0.709164 -1.08458 -2.14045
-0.712876 1.82341 -1.50237
-0.713829 1.20351 -1.33876
-0.714414 1.42638 -1.90534
-0.717399 4.13952 0.0012595
-0.717528 1.63471 -2.16759
-0.717584 2.02353 -2.16864
-0.718659 1.49708 -2.05976
-0.722761 2.86537 1.96728
-0.722809 3.11623 -2.06233
-0.726208 2.11214 -1.6388
-0.726444 -4.65969 -0.752995
-0.727049 -4.6619 1.32986
-0.727888 0.833068 -1.13642
-0.728011 1.51616 -1.67032
-0.728137 4.02379 0.94339
-0.731049 4.28948 0.532005
-0.732729 4.12657 0.619987
-0.734661 0.572571 1.50086
-0.73645 2.45806 -1.86862
-0.736861 2.17754 -1.77133
-0.741527 4.28583 0.0134574
-0.747361 -3.13179 -2.05797
-0.75003 1.50676 -1.77134
-0.752584 -3.13971 2.63509
-0.753995 2.07767 -2.04201
-0.754225 3.21158 -1.21886
-0.75512 -2.02246 -2.25739
-0.75562 2.37544 -1.5985
-0.756133 1.68029 -1.61109
-0.759093 4.45037 0.190834
-0.761245 1.97302 -1.62164
-0.762612 2.38876 -1.73666
-0.763673 2.54382 -1.9669
-0.767225 -4.80901 -0.355248
-0.76769 3.00219 -2.09348
-0.768181 -4.81249 0.924225
-0.768974 4.47458 0.362484
-0.76915 -1.62277 2.81321
-0.771101 0.891822 1.73874
-0.771823 1.81361 -1.61335
-0.772672 2.83225 -2.09324
-0.773145 2.09889 -1.90537
-0.773901 2.39695 -1.47916
-0.778561 3.49198 -1.01916
-0.778962 1.67614 -2.04153
-0.779088 -0.99471 2.67641
-0.779781 3.46735 -1.5927
-0.780662 -4.38902 -1.15455
-0.780856 3.45348 -1.7367
-0.781169 3.4467 -1.49085
-0.783223 4.08192 -0.138656
-0.783278 1.95501 -2.04153
-0.78361 -0.244325 -1.73686
-0.78501 3.39418 -1.37893
-0.785268 3.3896 -1.86894
-0.785969 1.81456 -2.07161
-0.786385 -0.238134 2.31311
-0.786725 2.71078 -2.06426
-0.78755 1.50891 -1.41915
-0.788653 -4.88747 0.0669159
-0.788736 -4.88776 0.508776
-0.791547 0.497924 -1.00428
-0.7918 4.46246 0.499233
-0.792211 1.61394 -1.90548
-0.798722 1.6723 -1.77148
-0.798956 1.98628 -1.7715
-0.801963 4.45773 0.0440091
-0.803949 2.90635 -2.1002
-0.804608 2.61667 -2.02031
-0.807977 1.95832 -1.90532
-0.811076 1.99998 -1.48349
-0.811995 0.728797 -1.02125
-0.814376 1.81409 -1.77152
-0.815418 3.97959 -0.381778
-0.8165 4.39458 0.631727
-0.817199 -4.46666 1.61292
-0.81915 3.29229 -1.97636
-0.819155 1.81402 -1.90539
-0.819643 3.45727 1.61222
-0.822788 1.32022 1.92869
-0.828753 4.04405 0.785368
-0.831836 3.31027 -1.28291
-0.832623 3.20073 -2.03393
-0.835948 2.45018 -1.86892
-0.838427 4.31655 0.724483
-0.841489 4.16854 0.784979
-0.84811 3.09447 -2.07625
-0.84886 2.9695 -2.09765
-0.850481 3.24023 -1.23353
-0.852108 -2.04891 2.81365
-0.8529 -0.697396 -1.96189
-0.854292 4.429 -0.0890402
-0.856721 -0.691581 2.53957
-0.860865 4.30157 -0.178911
-0.861322 -2.41286 2.78614
-0.864115 2.5323 -1.95941
-0.865675 3.28969 -1.12472
-0.866748 0.24931 1.8686
-0.871204 4.62596 0.190649
-0.874887 4.63398 0.361772
-0.875799 2.27413 -1.45689
-0.876584 -4.24049 1.86702
-0.880134 2.8972 -2.09719
-0.88507 3.03691 1.83845
-0.888818 -0.00937462 2.10616
-0.893329 2.80729 -2.08735
-0.894917 4.6176 0.499123
-0.896864 3.98591 -0.279771
-0.903002 -3.36789 -1.91407
-0.905605 4.52236 0.66261
-0.907936 3.1459 -1.1897
-0.908148 -3.3757 2.49007
-0.90853 1.57047 1.96725
-0.908797 2.73309 -2.06528
-0.911946 2.40128 -1.49008
-0.912376 -2.8611 -2.09822
-0.912425 3.44573 -1.73658
-0.912836 4.61771 0.0366865
-0.913086 2.39426 -1.73669
-0.915535 2.38056 -1.59266
-0.920377 2.40592 2.00667
-0.921294 0.0708328 -1.44515
-0.923755 3.62955 -0.817633
-0.924004 3.33727 -1.91936
-0.928244 3.35396 -1.34357
-0.928398 2.64465 -2.02573
-0.933273 3.67092 1.34741
-0.933432 3.15918 -2.04229
-0.934255 3.00187 -2.08449
-0.935485 1.84934 2.00762
-0.936367 3.38584 -1.85428
-0.939878 3.39936 -1.41211
-0.94398 -1.53786 -2.17619
-0.944916 4.13167 -0.316835
-0.945399 -1.53717 2.75706
-0.946247 4.27682 -0.280788
-0.94654 2.72534 1.92873
-0.948071 1.20149 -1.2442
-0.948202 3.43242 -1.48951
-0.953351 3.45294 -1.59256
-0.95701 4.58054 -0.0902379
-0.958478 2.4516 -1.40079
-0.964746 2.16221 2.00926
-0.965779 4.37054 0.840665
-0.96876 -4.47473 -0.937836
-0.96913 0.70566 1.49629
-0.975009 0.667592 -0.875847
-0.976932 3.82673 1.09862
-0.977438 4.05068 0.933094
-0.978382 3.25128 -1.97724
-0.978582 2.47252 -1.86234
-0.984819 2.90587 -2.07851
-0.984975 1.16652 1.79156
-0.985272 3.25697 -1.27144
-0.985502 3.90896 0.935511
-0.986545 3.90803 -0.35484
-0.989253 4.45075 -0.238218
-0.992933 3.78785 -0.565136
-0.994339 -2.93864 2.63372
-0.998174 0.338359 -1.1225
-1.00329 3.42054 -1.73649
-1.00415 0.572573 -0.759206
-1.00554 -3.52344 -1.79949
-1.00597 4.18426 0.937823
-1.00626 -4.57056 1.33116
-1.00684 2.76912 -2.05226
-1.0087 3.06917 -2.05226
-1.01136 2.56555 -1.94845
-1.01324 -3.53513 2.37142
-1.01414 3.12673 -1.21174
-1.02003 2.43901 -1.47282
-1.02947 4.52174 0.804213
-1.02972 2.43013 -1.73694
-1.03183 1.82346 -1.38059
-1.03454 4.6698 0.662981
-1.03663 1.44225 -1.29581
-1.03677 -4.64854 -0.559808
-1.03882 -2.49853 -2.14081
-1.03953 3.28856 -1.03451
-1.03965 0.570969 1.31132
-1.04721 4.80355 0.25281
-1.04742 -2.06084 2.75773
-1.04814 4.80229 0.361124
-1.04865 -0.85085 -1.96328
-1.05335 -0.845716 2.54097
-1.05376 -0.391714 -1.73489
-1.0545 4.79379 0.146291
-1.05709 2.9878 -1.19285
-1.05748 -0.38605 2.31114
-1.06053 1.09491 -1.13383
-1.06331 -4.71638 0.925137
-1.06369 4.78128 0.499702
-1.06468 4.64215 -0.147995
-1.06645 3.12056 -2.01275
-1.07312 2.57695 -1.32212
-1.07431 3.26788 -1.91888
-1.07512 2.81068 -2.03493
-1.07524 2.08288 -1.37638
-1.07659 2.50441 -1.4043
-1.07819 4.76217 0.0109814
-1.08016 2.4371 -1.5927
-1.08027 -4.75971 -0.148607
-1.08294 4.1397 -0.414322
-1.08319 3.08175 -1.1355
-1.08458 3.2818 -1.34416
-1.08536 3.36043 -1.45239
-1.08643 3.25653 1.61081
-1.08748 2.96761 -2.03912
-1.08893 2.66556 -1.97568
-1.09007 3.31794 -1.85229
-1.09184 -4.78928 0.509107
-1.09189 1.0652 1.6805
-1.09292 4.3707 0.941429
-1.09371 -4.79404 0.17582
-1.09434 2.3601 -1.35146
-1.09513 3.39299 -1.59277
-1.0956 3.3768 -1.73625
-1.09625 0.146777 1.86676
-1.10261 -3.67069 -1.67258
-1.10264 -3.67074 2.25387
-1.10539 -3.96305 -1.45022
-1.10658 3.15975 -1.26899
-1.10787 -3.9669 2.02714
-1.11256 1.45153 1.83842
-1.11369 2.83784 -1.22412
-1.11748 4.36451 -0.377282
-1.11801 2.70255 -1.26625
-1.11813 3.16467 -1.96382
-1.12638 4.54552 -0.281765
-1.12772 -3.06487 -1.96326
-1.1314 3.9556 1.0306
-1.13209 3.03779 -1.24154
-1.13311 2.84833 1.79162
-1.13368 3.95586 -0.450458
-1.13487 2.572 -1.87071
-1.13585 -2.21898 -2.13808
-1.1359 0.570499 -0.653379
-1.13654 0.417566 1.50829
-1.14127 -2.54797 2.67684
-1.14588 -1.26665 -2.05801
-1.14675 2.50723 -1.49039
-1.15119 2.50193 -1.73676
-1.15269 4.16572 1.03156
-1.15346 0.843999 1.48923
-1.15364 -1.91467 -2.13897
-1.15389 -1.26155 2.63513
-1.15655 1.00392 -1.02139
-1.16488 4.75025 0.692711
-1.16599 3.29961 -1.4519
-1.16701 2.71783 -1.94795
-1.16983 4.61114 0.844553
-1.17305 2.60446 -1.37806
-1.17561 2.93369 -1.25627
-1.17755 2.82423 -1.9756
-1.17798 4.73253 -0.14297
-1.17899 3.31402 -1.73662
-1.18046 2.82723 -1.27011
-1.18564 -1.58051 -2.09825
-1.18839 3.32423 -1.59276
-1.19222 2.52016 -1.27078
-1.19752 3.7273 1.02385
-1.19786 3.72705 -0.443451
-1.19954 -3.13288 2.48815
-1.20052 3.04677 -1.94859
-1.20475 3.19127 -1.86806
-1.21212 2.53805 -1.59886
-1.21223 3.40875 -0.820606
-1.2148 2.9505 -1.95382
-1.21515 3.18185 -1.3789
-1.21737 4.2971 -0.450491
-1.22202 3.63095 -0.561258
-1.22259 2.50603 1.83851
-1.2256 2.65859 -1.84797
-1.23008 3.83769 -0.480749
-1.2303 3.44608 1.35159
-1.23111 4.07134 -0.49548
-1.23223 3.02793 -1.31883
-1.23532 4.01825 1.08018
-1.23645 -0.113686 -1.45322
-1.24019 -0.107062 2.02717
-1.24066 2.70735 -1.37495
-1.24294 2.59651 -1.73661
-1.2431 1.76672 1.84008
-1.24613 -4.21341 1.6968
-1.24779 2.5927 -1.53095
-1.25104 0.922315 -0.895315
-1.25132 4.91543 0.190879
-1.256 2.73358 -1.17571
-1.25609 2.9294 1.68057
-1.25886 2.80169 -1.88756
-1.25897 3.21072 -1.49023
-1.26032 4.5187 0.954382
-1.26068 4.28331 1.05365
-1.26165 4.51692 -0.374717
-1.2617 1.76172 -1.24432
-1.26453 2.88145 -1.34399
-1.26479 3.2146 -1.73668
-1.27024 0.571197 1.0926
-1.27184 2.30754 1.83717
-1.27425 4.92729 0.362473
-1.27642 3.22223 -1.59271
-1.28013 0.114158 -1.21305
-1.28208 3.04668 -1.85401
-1.28323 4.66269 -0.280957
-1.28381 4.9033 0.499205
-1.28635 4.82924 0.668345
-1.28644 4.88952 0.0368337
-1.28689 3.07541 -1.41338
-1.28849 2.91251 -1.8687
-1.29211 -1.54319 2.63376
-1.29275 2.0793 1.83518
-1.293 3.78504 1.07576
-1.29537 2.79229 -1.41281
-1.29557 0.427609 -0.776711
-1.29593 -0.580897 -1.73687
-1.29924 2.65764 -1.59684
-1.30007 1.34218 1.67854
-1.30051 -0.57589 2.31312
-1.30146 3.57487 1.13001
-1.30312 2.19499 -1.24597
-1.30365 2.71303 -1.49002
-1.30413 0.737121 1.26019
-1.30457 -4.3155 -0.937775
-1.31013 2.71023 -1.73668
-1.31262 2.94756 -1.4132
-1.31309 2.80729 -1.8051
-1.32 0.760278 -0.688316
-1.32056 4.81921 -0.126991
-1.32193 1.32947 -1.07843
-1.32234 3.09682 -1.73661
-1.32731 -2.8032 -1.96332
-1.32829 3.05927 -1.48951
-1.32845 4.2547 -0.502069
-1.33049 2.97845 -1.02146
-1.33326 -2.80681 2.54101
-1.33354 4.42069 -0.448691
-1.3357 4.40576 1.03828
-1.33765 2.94895 -1.77683
-1.3417 3.91625 -0.527857
-1.34207 3.91115 1.10911
-1.34397 -2.25967 2.63369
-1.34511 2.8744 -1.49031
-1.3454 2.7784 -1.57155
-1.34634 4.7454 0.809966
-1.34641 3.07016 -1.58648
-1.34828 2.78526 -1.66882
-1.35399 1.03901 1.47449
-1.35504 -4.40512 1.33116
-1.35879 3.58918 1.03067
-1.35934 -4.05892 -1.21573
-1.36333 2.95611 -1.6814
-1.36515 -1.89962 2.63492
-1.36614 2.91122 -1.59271
-1.36769 4.07829 1.11976
-1.36788 -3.78657 -1.45312
-1.36867 3.77164 -0.513575
-1.37073 3.00541 1.55648
-1.37196 -3.79273 2.02728
-1.37375 0.572978 -0.366353
-1.37496 3.48006 -0.578963
-1.37725 0.572372 0.940378
-1.38334 4.62655 0.930231
-1.38443 -1.11478 -1.91412
-1.39232 -1.10976 2.49012
-1.39363 -3.3165 -1.73684
-1.39415 4.88615 0.632548
-1.39491 0.129413 1.69689
-1.39613 -4.4781 -0.559811
-1.3984 4.21488 1.10896
-1.39855 -3.32116 2.3131
-1.41061 4.58468 -0.385338
-1.41136 1.72153 -1.13397
-1.4143 3.18195 -0.822134
-1.4144 3.54043 -0.444172
-1.41474 4.0949 -0.548099
-1.42219 2.43679 -1.13393
-1.42815 0.178074 -1.02651
-1.43186 -4.54157 0.925139
-1.43409 0.360503 1.34262
-1.43511 4.92402 0.0118988
-1.43908 4.72717 -0.278955
-1.44807 3.20833 1.34909
-1.44962 3.68265 1.0874
-1.45004 4.9766 0.190684
-1.45308 1.71033 1.68065
-1.45469 -4.58212 -0.148609
-1.4577 -2.53521 -1.96184
-1.45791 4.98039 0.360912
-1.46423 -2.53762 2.53951
-1.46541 -1.48241 -1.96331
-1.46979 -0.391043 2.10616
-1.47028 -4.6098 0.509109
-1.47137 4.44712 1.053
-1.47144 3.69153 -0.513124
-1.47278 -4.61425 0.175819
-1.47631 4.07677 1.14012
-1.47813 4.42783 -0.480602
-1.47876 4.95785 0.499187
-1.48426 1.23478 -0.893225
-1.48557 0.571042 -0.140204
-1.4895 3.92631 1.14062
-1.48983 1.28102 1.49635
-1.49246 0.569992 0.705624
-1.49564 4.86781 -0.126765
-1.49663 3.47045 1.0033
-1.49772 2.59695 1.61835
-1.49834 3.81283 1.12701
-1.50205 4.8159 0.780347
-1.5023 4.28889 -0.530533
-1.50752 3.91308 -0.561517
-1.50985 4.66468 0.930452
-1.51303 2.6022 -1.01938
-1.51932 4.24507 1.12416
-1.52103 -0.335101 -1.45567
-1.52421 -2.2949 -1.96322
-1.52769 1.0161 1.27567
-1.52782 0.977474 -0.666636
-1.52975 -0.137857 1.86678
-1.53283 2.07533 -1.07597
-1.53606 2.9661 1.42098
-1.53846 0.345949 -0.660092
-1.53914 1.68722 -1.02155
-1.53986 4.15068 -0.560089
-1.54159 -1.01472 -1.79956
-1.54313 -4.01757 1.69706
-1.54414 0.569761 0.502172
-1.54838 -1.8866 -1.96479
-1.55135 2.974 -0.822043
-1.55233 0.821687 1.04442
-1.55339 -1.00721 2.37149
-1.5586 2.354 1.61547
-1.56214 0.570999 0.21207
-1.56438 3.30975 1.10814
-1.57019 4.61491 -0.393036
-1.57426 4.06661 1.15117
-1.57435 4.03987 -0.569792
-1.57996 2.07455 1.61583
-1.58058 -3.49347 2.10614
-1.58428 3.39778 -0.382666
-1.58873 0.790814 -0.357203
-1.59374 4.52298 1.02907
-1.59413 4.95782 0.0408583
-1.59554 0.653 -0.0369255
-1.59953 4.9195 0.630884
-1.61434 1.54269 1.48677
-1.61555 -4.11042 -0.93788
-1.61622 3.16265 -0.608449
-1.61731 3.63601 -0.507318
-1.62087 3.70046 1.10932
-1.62128 -2.3139 2.4881
-1.62886 3.54138 1.05056
-1.63121 5 0.324027
-1.63148 4.98569 0.147614
-1.63253 4.84668 0.751532
-1.63257 4.70551 0.908215
-1.63279 3.91088 -0.567573
-1.63295 4.77117 -0.263793
-1.63568 -3.54561 -1.45564
-1.63595 4.33164 1.10797
-1.63922 3.34966 0.931655
-1.64025 -2.99319 -1.73693
-1.64061 2.36726 -0.953786
-1.64156 3.50179 -0.447984
-1.64605 -2.99671 2.31319
-1.64676 3.93706 1.15055
-1.6471 -1.87957 2.48986
-1.65075 -1.41741 2.43207
-1.65758 3.76474 -0.545128
-1.65857 -3.74158 1.86678
-1.66316 0.681976 0.240931
-1.66608 4.97092 0.498544
-1.66627 3.81224 1.13635
-1.66723 0.493094 0.50897
-1.66922 4.4891 -0.466276
-1.67385 2.65548 1.42296
-1.67631 3.04482 1.20232
-1.67675 1.77505 1.48669
-1.67767 1.23476 -0.676815
-1.67854 -4.19393 1.32775
-1.67905 4.17846 1.1411
-1.6824 -0.750192 2.17963
-1.68246 1.51925 -0.822107
-1.68878 2.66043 -0.825905
-1.68908 -0.135878 -1.15841
-1.69036 -0.920004 -1.67265
-1.69068 0.0572237 1.51671
-1.70122 0.163653 -0.775815
-1.70517 4.47232 1.05418
-1.707 4.38418 -0.507024
-1.70772 4.24117 -0.547814
-1.70845 4.10338 -0.567314
-1.71026 1.21759 1.20076
-1.71109 4.8628 -0.149238
-1.71788 3.20147 -0.396678
-1.71795 -0.308863 1.86726
-1.72238 0.973702 -0.355928
-1.72242 3.96332 -0.568019
-1.72929 -4.2601 -0.556395
-1.73118 0.267712 1.13271
-1.7344 4.63491 -0.373915
-1.74015 4.66893 0.930477
-1.74199 0.863842 0.704757
-1.7475 1.76136 -0.821991
-1.74797 3.87975 1.14031
-1.7498 1.07664 1.0142
-1.75112 4.06747 1.14766
-1.75424 3.24998 0.830282
-1.75946 3.65372 -0.505774
-1.75962 3.24457 -0.244402
-1.76128 0.850363 -0.0159624
-1.76329 4.81767 0.780353
-1.76427 2.07149 1.42116
-1.77127 0.319917 -0.356215
-1.77319 -4.31659 0.92513
-1.77573 4.88898 -0.0900819
-1.77681 4.90892 0.632514
-1.77706 0.839162 0.437735
-1.7813 2.07118 -0.822451
-1.78243 4.94896 0.0440661
-1.78474 3.40425 -0.379347
-1.78861 0.34258 0.81876
-1.7924 2.80223 1.20088
-1.79689 3.54285 1.03782
-1.80002 2.39321 1.34823
-1.80083 -2.66189 -1.73482
-1.80095 3.53083 -0.448708
-1.80145 -4.35355 -0.148601
-1.80498 4.9828 0.360884
-1.80719 -2.66424 2.31106
-1.80925 0.40474 0.204797
-1.80948 3.83975 -0.545686
-1.80988 -0.655793 -1.45312
-1.81088 -1.36126 -1.73691
-1.81119 0.372101 -0.0416775
-1.81172 3.09064 0.920706
-1.81286 4.97912 0.190757
-1.81708 -3.73217 -1.15894
-1.8187 3.99169 1.1391
-1.81908 1.47185 1.20097
-1.82074 -4.37878 0.509105
-1.8236 -1.86701 -1.79927
-1.82385 -4.38282 0.175822
-1.82442 3.68434 1.08928
-1.82941 4.32442 1.09382
-1.82981 1.15552 -0.356015
-1.83382 -3.5581 1.86707
-1.83453 2.70872 -0.60633
-1.8358 4.33548 -0.506811
-1.83929 4.72566 -0.280749
-1.84009 3.41492 0.954414
-1.84083 -0.999088 2.17969
-1.84198 2.93631 -0.439381
-1.8489 4.13561 -0.545468
-1.85287 3.16718 0.693485
-1.85444 2.60754 1.20271
-1.85955 3.79229 1.10959
-1.86029 -3.12682 2.10624
-1.86352 2.40343 -0.676892
-1.86398 4.52437 1.00332
-1.86715 1.59749 -0.608655
-1.86945 3.15255 -0.0788354
-1.87445 3.31282 -0.282277
-1.87499 3.31133 0.862087
-1.8835 -2.36512 -1.73678
-1.88537 3.98384 -0.5454
-1.88763 1.73392 1.20376
-1.89016 -2.36642 2.31304
-1.89226 4.58841 -0.37473
-1.8949 4.45054 -0.451388
-1.89703 -0.131575 -0.937725
-1.89817 4.93209 0.516729
-1.89828 -0.131169 1.51718
-1.89855 1.11994 0.702754
-1.90263 -3.99819 -0.749738
-1.90301 3.74515 -0.508132
-1.90369 2.98473 -0.253496
-1.90409 -3.99959 1.32717
-1.9044 0.31646 0.508771
-1.90703 -1.72384 2.31109
-1.90783 1.03009 0.253949
-1.90816 4.17011 1.10953
-1.91538 4.64077 0.911516
-1.91787 -3.75357 1.61283
-1.91904 1.10937 -0.0158059
-1.92255 3.10645 0.525822
-1.92308 3.10605 0.0553407
-1.92606 2.06881 1.20137
-1.93022 -1.99686 2.30834
-1.9317 3.23534 -0.174167
-1.93302 2.06867 -0.604623
-1.93566 -0.56373 1.86719
-1.93629 1.10045 0.437715
-1.93822 -3.16789 -1.44379
-1.9461 1.42769 -0.356864
-1.9462 3.60905 -0.449688
-1.94726 3.08709 0.420532
-1.94759 3.60723 1.02984
-1.95292 3.08098 0.222076
-1.95296 3.97585 1.10998
-1.9576 4.73548 0.809337
-1.96233 2.7499 0.923191
-1.96271 3.24506 0.754194
-1.96387 4.20252 -0.507625
-1.9683 2.93154 0.702792
-1.9754 -1.30357 2.18201
-1.97884 1.56914 0.968465
-1.98314 -0.52749 -1.21009
-1.98326 -0.922702 -1.45023
-1.98351 2.42314 1.04819
-1.98547 2.64333 -0.355973
-1.98804 -3.35412 1.86677
-1.99116 4.81165 0.695296
-1.99125 4.81162 -0.113929
-1.99274 2.92071 -0.0371851
-1.99388 4.7035 -0.245333
-1.9995 -1.8545 -1.67235
-2.00748 4.38464 1.02385
-2.0087 -4.10915 -0.354191
-2.01111 -4.11161 0.923768
-2.01294 4.06518 -0.506322
-2.01618 4.86826 0.0103311
-2.01672 4.51572 -0.37393
-2.01913 3.5134 -0.376139
-2.01957 1.40229 0.70279
-2.02042 3.20457 -0.0768342
-2.02048 3.51163 0.955811
-2.02133 1.70795 -0.356853
-2.02285 3.78684 1.06163
-2.02384 4.23743 1.06166
-2.02501 -3.72217 -0.937545
-2.02871 3.88425 -0.495445
-2.03152 -0.000240952 -0.55619
-2.03154 3.1962 0.632531
-2.03228 4.90449 0.145784
-2.03252 2.4311 -0.356854
-2.03391 0.00197873 1.12934
-2.03659 4.91431 0.361096
-2.03712 4.91578 0.252799
-2.03918 4.54043 0.931434
-2.04137 1.39476 -0.0158334
-2.04709 2.06675 0.965044
-2.05056 1.92329 -0.355973
-2.05385 3.14991 0.499139
-2.05904 2.13972 -0.356094
-2.06478 -4.16813 0.070727
-2.065 -4.16837 0.504805
-2.06557 3.14745 0.105539
-2.0668 1.38425 0.34535
-2.07255 2.74828 0.527691
-2.07261 3.13064 0.362318
-2.07269 2.70786 -0.0155799
-2.07592 4.26776 -0.451891
-2.08054 4.01205 1.0637
-2.08155 3.42142 0.864763
-2.08891 2.74259 0.253966
-2.09376 3.6583 -0.411903
-2.09764 1.69312 0.702782
-2.09974 0.0679383 0.818739
-2.10469 3.41745 -0.267176
-2.10506 -3.7894 1.32745
-2.10511 4.84163 0.5256
-2.10925 2.44356 0.702783
-2.11112 3.30576 -0.148743
-2.11573 0.0832035 -0.145531
-2.11603 -2.77774 -1.45002
-2.11772 -0.849851 1.8672
-2.12022 -2.77949 2.02697
-2.12028 1.68872 -0.0158272
-2.12222 -3.13513 1.86722
-2.12776 1.91661 0.702167
-2.13201 2.44725 -0.0158277
-2.13529 -1.24982 -1.44613
-2.13542 4.39822 -0.374763
-2.13613 -2.41453 2.10607
-2.13652 2.1412 0.702509
-2.13678 4.65667 0.780429
-2.13717 4.39957 0.954431
-2.13763 -0.413123 -0.937699
-2.1381 4.17695 1.0212
-2.13818 0.105404 0.504952
-2.13888 -0.412768 1.5171
-2.14054 -3.3087 -1.16158
-2.14138 0.108874 0.175823
-2.14189 3.62086 0.951793
-2.14719 1.68322 0.34533
-2.14901 4.02506 -0.450267
-2.15065 1.91463 -0.0153592
-2.15177 4.54523 -0.281675
-2.15566 3.16957 0.312666
-2.1564 4.70715 -0.127355
-2.15943 2.44978 0.345333
-2.1597 3.99429 1.02416
-2.15992 2.14162 -0.0135849
-2.16162 3.3634 0.753614
-2.16848 -3.84357 -0.556003
-2.17791 1.91227 0.345304
-2.18697 2.14215 0.345336
-2.19639 4.72777 0.631563
-2.2046 3.77352 -0.386055
-2.2063 3.7728 0.966029
-2.20776 3.30602 0.632337
-2.209 4.76519 0.0364461
-2.21785 -2.42961 -1.44842
-2.21904 4.25514 -0.37389
-2.22276 -3.89046 0.923877
-2.22329 -3.34715 1.61301
-2.22509 3.28471 0.0109886
-2.22516 4.4664 0.861004
-2.22619 -1.08103 1.86677
-2.23273 -1.67744 -1.45011
-2.23716 -1.67673 2.02712
-2.2401 3.26599 0.499682
-2.24384 4.78839 0.362473
-2.24916 4.78153 0.190767
-2.24974 4.26959 0.930907
-2.24992 3.25399 0.146278
-2.25423 3.53105 -0.238841
-2.25545 -1.99686 -1.4501
-2.25842 3.9066 -0.373909
-2.25845 -3.92069 -0.145446
-2.25995 -1.99688 2.0271
-2.26047 4.09963 -0.376088
-2.26268 4.09993 0.955761
-2.27605 -0.92687 -1.15589
-2.27904 -3.55312 -0.752995
-2.28199 -3.94111 0.509088
-2.28218 -3.55495 1.32714
-2.28437 3.51484 0.778317
-2.28587 -3.94443 0.17583
-2.28903 -0.301687 -0.55614
-2.29168 -0.299794 1.12928
-2.29176 4.35573 -0.284617
-2.29302 3.89998 0.929916
-2.29773 4.5239 0.753593
-2.30268 3.43419 -0.104128
-2.30598 4.7018 0.499557
-2.30957 3.28952 0.323958
-2.3116 -1.32066 1.86699
-2.31515 -2.85177 -1.2101
-2.31777 4.5314 -0.145222
-2.32047 3.72527 -0.280777
-2.32185 3.7246 0.860633
-2.3355 -2.57943 1.86679
-2.33883 -0.72933 1.51935
-2.33886 -0.729317 -0.937892
-2.34391 -3.25476 -0.937801
-2.35592 4.56895 0.632384
-2.3588 4.12096 0.874644
-2.36251 3.46714 0.631454
-2.36618 -0.243839 0.818749
-2.3684 3.88798 -0.279462
-2.36863 -1.30358 -1.2101
-2.37765 4.58574 0.0108946
-2.38144 -2.33666 1.87025
-2.38207 -2.87647 1.7013
-2.38348 -0.231037 -0.148601
-2.38371 4.1915 -0.253665
-2.38493 3.43523 0.0362569
-2.38864 4.32787 0.780902
-2.40333 3.4364 0.499148
-2.40616 3.68842 0.754221
-2.40635 3.65393 -0.154448
-2.40687 -3.64039 -0.355248
-2.4089 4.60996 0.146263
-2.409 -0.21213 0.509105
-2.40988 -3.64244 0.924225
-2.4131 -0.209085 0.175821
-2.41724 4.61652 0.361195
-2.4185 4.61743 0.252732
-2.41989 4.04244 -0.238769
-2.42393 3.42084 0.362487
-2.42734 3.42892 0.190717
-2.43458 4.54409 0.498638
-2.43458 -3.30341 1.33113
-2.43911 4.34358 -0.126922
-2.4415 3.8745 0.779321
-2.44307 -1.64717 -1.21013
-2.45143 4.06083 0.779824
-2.45448 -1.13554 1.61296
-2.45808 -2.47937 -1.16884
-2.46862 -1.99687 -1.20927
-2.47393 3.65993 0.633466
-2.47404 -3.68624 0.066916
-2.47431 -3.68642 0.508776
-2.47491 4.3618 0.632472
-2.48051 3.89206 -0.14839
-2.49031 4.21636 0.692714
-2.49053 3.76897 -0.0903386
-2.49542 -2.91831 -0.937839
-2.49953 3.64916 0.0103552
-2.50299 -0.640408 -0.559854
-2.50568 -0.638951 1.13355
-2.50836 -3.343 -0.559779
-2.50887 4.37878 0.0369608
-2.51368 -1.63707 1.70133
-2.5218 3.63974 0.499857
-2.52253 4.22407 -0.0504175
-2.52255 4.38167 0.499161
-2.52499 4.06006 -0.0876009
-2.53171 3.85975 0.632512
-2.53445 4.41367 0.190754
-2.53602 3.63365 0.145798
-2.5426 -1.99691 1.69672
-2.54414 4.0514 0.63215
-2.54584 3.62936 0.361087
-2.54638 4.39161 0.362457
-2.54729 3.62876 0.252833
-2.55216 -0.946791 -0.752995
-2.55273 -2.49593 1.61278
-2.55306 -1.24964 -0.937837
-2.55429 -0.945918 1.32986
-2.56925 4.23528 0.498629
-2.57146 3.85235 0.0440659
-2.57254 -3.37743 0.925114
-2.58243 4.06471 0.0405638
-2.58258 3.85104 0.499187
-2.58408 4.23881 0.14668
-2.58902 -0.593799 0.818786
-2.59195 -2.95395 1.33116
-2.59478 4.06921 0.49853
-2.59801 4.24288 0.323991
-2.60796 -0.583549 -0.148632
-2.60966 3.87143 0.1906
-2.61061 3.86254 0.361011
-2.61355 -3.39943 -0.14859
-2.61776 4.07911 0.190816
-2.62051 4.0707 0.361139
-2.6333 -1.61996 -0.93787
-2.63339 -2.37261 -0.937785
-2.6359 -0.568413 0.509121
-2.6404 -0.565975 0.175813
-2.64154 -3.41445 0.5091
-2.64604 -3.41687 0.175824
-2.65183 -1.22075 1.33116
-2.66025 -1.9969 -0.937669
-2.67052 -2.98295 -0.55981
-2.67755 -2.66485 -0.752994
-2.67979 -2.66541 1.32986
-2.69531 -0.887919 -0.355248
-2.69867 -0.886541 0.924225
-2.73221 -1.19723 -0.55981
-2.73517 -1.60539 1.33119
-2.73525 -2.38714 1.33111
-2.73885 -3.00818 0.925138
-2.76474 -1.99688 1.32765
-2.77051 -0.856988 0.0669162
-2.77081 -0.856866 0.508776
-2.7825 -3.02429 -0.148607
-2.80211 -1.17679 0.925137
-2.8123 -3.0353 0.509108
-2.81708 -3.03707 0.17582
-2.81808 -1.59353 -0.559836
-2.81814 -2.39897 -0.559766
-2.82774 -2.70232 -0.355249
-2.83124 -2.70319 0.924224
-2.84676 -1.16372 -0.148606
-2.84834 -1.99685 -0.555797
-2.87726 -1.1548 0.509108
-2.88216 -1.15337 0.17582
-2.89019 -1.58322 0.925159
-2.89024 -2.40925 0.925102
-2.90664 -2.722 0.066916
-2.90695 -2.72208 0.508776
-2.91988 -1.99686 0.924242
-2.93625 -1.57663 -0.148622
-2.93631 -2.41583 -0.148583
-2.96673 -1.99685 -0.145549
-2.9677 -1.57213 0.509116
-2.96774 -2.42031 0.509095
-2.97277 -1.57141 0.175816
-2.9728 -2.42104 0.175826
-2.99833 -1.99689 0.504922
-3.00303 -1.99728 0.175839