1273
5.462503 3.448227 -8.346770
6.110251 4.507688 -8.523233
6.685753 2.939057 -9.057603
6.938224 3.999985 -9.208461
0.147646 6.418216 0.020999
-1.004088 6.331688 1.786639
0.265396 7.761903 0.475986
-0.845743 7.796796 1.897309
7.792163 5.661142 -8.504617
8.033889 4.478775 -9.074590
7.073757 5.346977 -8.544867
7.524811 4.407548 -9.123137
1.433568 8.725448 0.465979
2.293446 9.994496 0.818404
2.274941 8.597938 -0.524394
3.192747 9.731577 -0.146883
1.688097 10.339733 1.543611
0.722314 9.029150 1.101718
0.629441 10.641812 3.980742
-0.498371 8.985749 3.739467
0.665450 10.405454 4.509356
-0.350035 8.896681 4.338211
2.128673 3.831287 1.750764
1.683178 3.966579 1.392338
2.965264 3.199755 0.235485
2.496823 3.380238 -0.121670
0.593133 4.940602 3.761058
0.841449 4.897153 4.130222
0.189250 5.842822 4.902169
0.415028 5.734989 5.165435
3.575846 10.571222 1.312206
2.885398 11.157487 2.039279
4.143897 10.434306 0.249329
8.704588 5.585939 -8.245462
8.672080 4.454221 -8.747707
7.446074 2.462584 -8.578780
7.695341 2.566290 -8.503402
1.772535 11.212367 3.801368
1.516867 10.843487 4.959078
-0.869568 7.061616 4.299282
-1.347382 7.300854 3.553765
-1.068238 5.879119 3.831346
-1.564092 6.164407 3.299539
0.995929 7.682447 0.259670
0.597553 6.487344 -0.020718
-0.069920 9.142165 2.168799
1.208387 10.738951 2.442848
2.418074 11.606626 2.855662
1.003106 4.332129 2.694011
0.824770 4.705369 2.196585
1.298728 4.181997 0.928948
1.438644 4.318527 2.983434
-1.229829 5.008514 3.511426
-1.348952 3.730475 2.935012
-0.435840 4.765092 3.461689
-0.690388 3.482871 3.040772
-1.611193 5.280762 2.889337
-1.094194 5.328057 1.554158
-1.670186 3.790937 2.484372
-1.329784 3.819854 1.548157
0.119222 5.509162 -0.237458
-0.247710 3.601532 0.361057
-0.216321 3.467783 2.788942
-0.697816 2.055106 2.808614
-1.024076 2.261084 2.810660
-1.590906 2.520090 2.678845
-1.903099 2.542855 2.269904
-1.537178 2.507654 1.494982
-0.631552 2.274256 0.761948
-1.238504 0.741063 1.040208
-2.103361 1.161395 1.652579
-0.705814 0.586411 1.802449
0.127858 2.059112 1.308778
-1.628769 -0.103983 2.931609
-1.748677 -0.558394 3.058299
-1.366094 -0.283472 2.694440
-1.577428 -0.688411 2.714282
-2.219940 -0.335296 3.080030
-2.007986 0.075586 3.039549
-2.357785 0.175657 2.809776
-2.515754 -0.221928 2.900385
-2.589837 0.194713 2.433832
-2.478245 -0.004946 1.948071
-2.743426 -0.182476 2.474875
-2.595011 -0.323098 2.010964
-1.689439 -0.426076 1.454141
-1.853444 -0.708123 1.600564
-1.167938 -0.460822 2.126737
-1.408288 -0.838802 2.101325
4.501113 4.192398 -7.475592
4.037697 5.151724 -5.506891
5.177181 5.226398 -7.674345
4.991071 6.246241 -5.872299
6.610069 2.247164 -6.997812
6.436513 0.973327 -7.875219
6.208515 0.646168 -6.784002
6.239550 2.024471 -8.789661
5.840160 1.241119 -8.362274
3.181043 3.922333 -4.832827
3.840438 3.026002 -7.031546
4.588790 1.104050 -7.901095
5.038901 2.379861 -8.071407
5.469713 -0.831432 -6.654349
5.849056 -0.477662 -7.565106
5.207899 0.716751 -5.106298
4.939009 -0.678613 -5.813539
2.824368 2.045495 -4.678498
3.518196 1.469356 -6.783800
2.992444 0.395194 -5.452558
3.446523 0.153111 -6.605627
5.482229 -0.228037 -7.906646
4.291458 -0.089251 -7.526058
6.432057 6.507019 -7.540455
7.400470 7.062753 -7.419853
8.221652 7.202588 -7.076189
4.197962 3.430193 -4.254788
3.771143 1.517478 -3.880161
5.504104 2.212480 -5.296788
3.841397 -0.073496 -4.619770
5.350695 -2.991387 -8.054771
5.204831 -3.170251 -7.464901
4.782198 -3.123788 -6.996710
4.109259 -2.936910 -6.630322
3.321585 0.318675 -4.726303
3.452264 -2.797431 -6.566866
3.344781 -2.712648 -7.181453
4.072408 -2.714142 -8.322576
4.921105 -2.838994 -8.380669
3.702389 3.439871 -2.858989
4.058911 3.008356 -2.381545
2.724117 3.662870 -1.505732
3.179428 3.151817 -1.167055
4.376569 2.697191 -2.034010
3.574437 2.852870 -0.810328
3.428335 6.057976 -3.699070
3.844302 5.629050 -4.559005
3.340196 4.642549 -3.379847
3.462229 4.498008 -4.182121
6.564029 8.970158 -3.738122
5.421891 8.337668 -3.713734
5.487658 9.662911 -2.053407
4.579759 8.959532 -2.395380
4.328245 7.428804 -3.738080
3.524649 8.049277 -2.689654
2.737124 6.672887 -2.553319
2.287856 5.323646 -2.207151
2.013676 7.075225 -1.572434
1.562604 5.721321 -1.295999
2.040625 3.863289 -0.532854
3.862335 9.361179 -1.261401
4.745944 10.121827 -0.997837
2.734062 8.315650 -1.550228
4.937010 -4.217387 -7.447742
4.620070 -4.102224 -7.145522
4.050718 -4.901983 -7.076414
3.911108 -4.816751 -6.787635
3.966383 -3.857496 -6.777113
3.586671 -4.650598 -6.465222
3.143449 -4.478719 -6.627132
3.592680 -3.739653 -6.978239
3.440398 -3.582961 -7.411521
2.934230 -4.417220 -6.918269
3.602496 -3.625419 -8.139772
2.989873 -4.498988 -7.555775
4.751743 -4.238332 -7.959291
4.379049 -4.029928 -8.267021
5.087621 -3.604461 -8.125152
4.704395 -3.436721 -8.336928
5.183073 -3.779370 -7.495651
4.754261 -3.677531 -7.055813
4.192153 -3.600412 -6.792155
3.612686 -3.329144 -6.891277
3.781710 -3.141693 -8.332801
3.503798 -3.129270 -7.285529
8.580693 2.339320 -8.214191
7.965305 2.767419 -8.475327
8.321621 2.714850 -8.585515
8.762429 3.666877 -9.057925
8.450343 2.451226 -8.667311
8.698993 2.804544 -9.355258
9.504423 3.977147 -8.697613
9.378633 2.747575 -9.144586
8.395478 0.491239 -8.891498
8.681156 2.281333 -8.387061
8.171385 0.724112 -9.270861
8.480134 1.034997 -9.793037
9.142011 0.977497 -9.708813
8.308845 -1.328320 -9.694917
8.088536 -1.052154 -10.104004
8.359994 -0.870150 -10.598391
9.005829 -0.960649 -10.501958
8.374407 -3.110101 -10.696219
8.180088 -2.843797 -11.039059
8.325755 -2.626547 -11.426430
8.912621 -2.786773 -11.299341
8.541178 -5.151134 -12.725226
8.765320 -5.323677 -12.381674
8.698171 -4.670492 -12.919839
9.301993 -4.674445 -12.816558
9.496317 -6.805239 -14.179373
9.213194 -6.557065 -14.359519
9.289691 -6.194939 -14.499674
9.857585 -6.119483 -14.345405
9.747268 -6.797970 -14.533691
9.873919 -6.556982 -14.591603
3.002583 -6.202485 -6.296956
3.076872 -5.768172 -6.241585
2.953342 -5.345538 -6.108045
2.597633 -5.156808 -6.323494
2.291775 -5.576048 -6.837400
2.410370 -5.194265 -6.512727
3.751532 -4.843791 -7.817827
2.553019 -6.242844 -6.990692
2.929386 -6.392338 -6.736154
4.145631 -4.978283 -7.473373
5.572102 2.319748 -5.232546
7.244545 1.737040 -7.767440
5.941648 2.451934 -5.069360
7.436257 1.771111 -7.632115
7.854140 1.765251 -7.470119
6.225259 2.322083 -4.862570
1.017770 5.156559 0.427197
0.598748 3.469773 0.820818
1.185838 4.528926 0.237509
1.802491 4.194076 -0.763778
9.075120 6.968113 -6.561331
9.444018 5.570066 -7.799888
4.329159 10.464639 1.990924
5.095516 10.221538 0.773740
5.811012 9.975367 -0.372447
6.409278 9.585833 -1.476425
2.676289 10.863565 4.500249
2.127189 11.140056 5.424492
3.320156 10.742361 3.519920
3.644061 10.638693 3.005002
3.420017 4.226637 -4.408774
3.130070 2.037275 -4.095820
-0.378148 9.964612 5.535826
-0.429356 9.449559 5.652764
-0.296845 8.360802 5.174217
1.698650 11.509973 6.276335
0.970897 11.314084 5.770466
0.089852 10.940894 5.439103
-0.248067 10.344575 5.395107
8.496253 7.882417 -5.269671
7.783624 7.994331 -5.773972
7.126129 7.490315 -6.698820
6.318900 7.190502 -6.907387
3.891171 5.399296 -4.894618
6.330987 7.404976 -6.027476
4.790687 6.533474 -5.249617
7.427376 8.892182 -3.282301
2.342552 4.118186 -1.825849
3.416594 3.969082 -3.168525
4.047991 3.584437 -3.987796
9.516933 4.684541 -8.355064
1.603242 7.452704 -0.578338
-0.177825 5.746809 3.777711
0.276672 4.973795 3.388652
-0.085154 5.931082 4.495369
-0.074556 7.071644 5.856139
-0.314513 7.144099 5.288525
0.477113 3.238319 1.631283
-0.306388 1.871798 2.140692
-0.868297 0.718035 2.493052
-1.516853 1.028139 2.896491
-1.135739 0.866795 2.887688
-1.999567 1.216486 2.732658
-2.270622 1.284107 2.223772
-1.210499 -0.017156 2.707893
-1.034884 -0.152161 2.108881
-1.427801 0.146042 2.956515
-1.835766 0.321198 2.956231
-2.182004 0.401040 2.776901
-2.440309 0.516499 2.393788
-2.365453 0.343976 1.869740
-1.557503 -0.058330 1.400995
0.122895 6.984052 6.218572
0.885090 6.148725 -0.565511
4.831835 6.994633 -4.861224
6.080875 7.608822 -5.289887
0.704943 4.554764 1.392040
0.118419 4.356302 3.034025
2.974869 -6.312591 -6.313514
2.881707 -6.482297 -6.713963
2.501101 -6.336904 -6.964544
2.079973 -5.820905 -6.659979
2.099959 -5.610325 -6.281848
2.258381 -5.599261 -6.064915
2.631117 -5.772513 -5.865871
2.843943 -6.028236 -6.041771
2.871499 -6.439278 -6.231036
2.778337 -6.608984 -6.631485
2.397731 -6.463590 -6.882066
1.976606 -5.947586 -6.577501
1.989184 -5.754591 -6.197761
2.155011 -5.725947 -5.982437
2.527748 -5.899198 -5.783394
2.740574 -6.154922 -5.959294
2.293233 -7.070332 -5.884350
2.376481 -6.751193 -5.616535
1.611956 -6.825642 -6.346577
1.815688 -6.898815 -6.208351
1.615745 -6.192341 -6.197304
1.794437 -5.797317 -5.869847
1.978782 -5.815443 -5.679731
2.303886 -5.982185 -5.508232
2.553831 -6.250462 -5.563904
2.108813 -6.914553 -5.030679
2.406102 -6.717056 -5.291401
1.327271 -6.624434 -5.458000
1.353463 -6.682927 -5.976791
1.473378 -6.144224 -5.992276
1.596245 -5.823843 -5.689559
1.910533 -5.839497 -5.483128
2.197194 -5.968322 -5.330889
2.614560 -6.276508 -5.223205
1.076972 -5.718702 -5.178592
0.907702 -6.409323 -5.038517
1.498515 -5.803975 -4.806853
1.245848 -6.522874 -4.722756
1.241201 -5.786163 -5.152406
0.886466 -5.917042 -5.421374
1.033732 -6.461960 -5.033588
0.762835 -6.374188 -5.321493
1.974609 -6.063614 -4.637668
1.638141 -6.672755 -4.554795
2.135513 -6.477432 -4.621472
1.852455 -6.765837 -4.585478
2.079750 -6.669952 -4.630402
1.508317 -5.789461 -4.800141
1.238040 -6.520457 -4.732291
1.927876 -5.984369 -4.563346
1.552408 -6.633986 -4.525768
1.170650 -6.542609 -5.284724
1.467685 -5.730689 -5.537021
1.809425 -5.772348 -5.302903
1.459591 -6.645209 -5.075830
1.521073 -6.693649 -5.322228
1.449915 -5.731692 -5.552892
1.143722 -6.043254 -5.866630
1.178569 -6.548144 -5.308764
1.011065 -6.504442 -5.602325
1.653217 -6.711805 -4.912233
2.238154 -5.965577 -5.040479
1.786370 -6.788207 -5.134286
2.442330 -6.323212 -5.023962
2.395651 -6.698668 -5.076625
1.976535 -6.841307 -4.839107
1.362585 -6.610135 -5.139094
1.826368 -5.770603 -5.285872
2.212225 -5.949516 -5.076888
1.684892 -6.723133 -4.890211
-4.733295 -2.621987 3.967201
-4.993462 -2.712048 3.682577
-4.926527 -3.123152 4.018355
-5.129129 -3.064772 3.723641
-0.167559 6.987733 4.290014
-0.389799 8.423744 5.948537
-0.064732 8.043924 6.409856
0.150615 7.879554 6.635258
-3.703257 -2.170891 2.828937
-3.439172 -2.122375 3.247229
-3.146316 -2.242865 3.427386
-2.724038 -2.583504 3.415528
-2.618060 -2.870348 3.084711
-2.639863 -3.081402 2.713256
-3.111347 -3.014164 2.217778
-3.633755 -2.501261 2.380879
-3.566584 -2.327417 3.288134
-3.827451 -2.422839 2.888221
-3.815147 -2.398742 3.187882
-3.960939 -2.577037 2.854243
-3.345857 -2.592567 3.494151
-3.274359 -2.454781 3.471736
-2.847016 -2.856441 3.483661
-3.040458 -3.058544 3.586588
-2.733545 -3.221928 3.182720
-3.310340 -3.824491 3.793792
-2.761185 -3.551963 2.847025
-3.436899 -3.826425 3.189927
-3.951501 -3.645297 2.800359
-3.217393 -3.467098 2.354337
-3.749872 -2.851572 2.478306
-4.229210 -3.146007 2.648743
-4.620031 -2.450517 3.239867
-4.155406 -2.469988 3.510743
-3.396259 -2.729608 4.041779
-3.614538 -2.601305 3.868844
-3.852492 -2.454817 3.681417
-3.091183 -3.070204 4.326823
-3.387167 -3.738961 4.374943
-3.996038 -3.521900 3.944097
-3.760305 -3.605576 4.114867
-4.256640 -3.428805 3.761778
-4.505153 -3.340263 3.585359
-4.918716 -3.191437 3.307935
-3.760134 -3.144508 4.706858
-3.904136 -3.488574 4.731513
-3.557036 -3.395177 4.774857
-3.662031 -3.585636 4.785303
-4.195623 -2.791845 4.682683
-4.398499 -3.281432 4.719486
-3.822399 -2.949717 4.865783
-4.019838 -3.424125 4.903249
-4.474241 -2.638409 4.408626
-4.697603 -3.179967 4.451378
-4.163316 -2.807994 4.646211
-4.365108 -3.298736 4.684081
-4.508404 -2.621407 4.428444
-4.825456 -2.561645 4.158366
-4.731128 -3.163939 4.472217
-5.019984 -3.066656 4.205586
-5.024265 -2.401869 3.516280
-4.466023 -2.366170 3.831113
-4.794407 -3.189327 3.903343
-5.269274 -3.019352 3.574833
-3.560292 -2.733477 4.483646
-3.884332 -3.513663 4.548458
-3.301300 -3.098835 4.750379
-3.545229 -3.634897 4.784655
-3.815704 -2.534686 4.265333
-4.180593 -3.408362 4.335381
-3.569171 -2.729144 4.476938
-3.893727 -3.510298 4.541993
-4.107995 -2.369131 4.039910
-4.493118 -3.296715 4.116771
-4.175942 -3.410015 4.338726
-0.781279 8.821155 8.444473
-1.227510 9.199976 7.836329
-0.322241 8.645483 7.700082
-0.656152 8.922765 7.354870
-1.552683 9.545592 7.549051
-1.917326 9.510421 8.090322
-1.597414 9.252743 8.277189
-0.703508 13.223752 8.810233
-0.364961 13.114154 8.924402
-0.259851 13.193647 8.374984
0.838081 12.961058 8.243361
0.004849 13.160047 7.844374
0.167062 12.972409 9.206461
-2.369281 10.288185 11.038004
-2.448488 10.183623 11.106143
-2.394142 10.315539 11.145520
-2.429100 10.182991 11.152874
-2.968004 10.442471 10.488074
-2.941317 10.305074 10.613026
-2.415414 10.298700 11.021725
-2.844795 10.254307 10.761845
-2.059948 10.461614 7.141087
-1.421501 10.067433 6.485013
-1.830295 10.171146 7.182263
-1.338144 9.741534 6.659380
-2.460215 10.004602 9.400687
-2.611786 10.159440 9.958709
-2.724381 10.329635 9.592509
-2.862506 10.271958 10.435589
-1.838822 9.149421 8.755086
-1.519846 8.671964 9.422148
-2.100505 9.094776 9.200031
-1.809027 8.618591 9.807519
-0.586332 14.061919 8.111267
-0.513368 13.632303 8.289730
-0.373215 13.354694 8.098749
-0.476512 13.313361 8.340929
-1.830035 13.441755 7.332021
-1.470259 14.439089 7.434999
-1.458615 13.692926 6.864157
-1.286918 14.248437 7.108368
-1.087151 14.873645 7.393620
-0.672990 14.032473 7.219746
-2.187977 9.339112 9.046673
-2.105319 9.395938 8.636618
-1.102949 8.855738 8.921006
-1.413747 11.968339 10.406509
-1.497013 11.788079 10.530997
-1.181011 11.908622 10.587733
-1.311731 11.714043 10.675094
-2.392305 9.610276 10.453634
-2.469450 9.306699 10.503550
-2.161811 9.448969 10.733876
-2.292017 9.169318 10.777162
-2.346897 11.533889 7.183932
-2.405150 10.859915 7.390617
-2.496841 11.247149 7.908941
-2.539199 10.791924 7.879877
-2.321669 10.852580 11.195447
-2.404858 10.657070 11.253708
-2.113145 10.778114 11.341609
-2.213300 10.588663 11.387977
-0.673721 14.063366 7.989998
-0.578302 13.636371 8.187616
-1.681176 13.583274 7.374530
-1.336908 12.988840 7.438930
-1.928936 12.521277 7.142869
-0.789824 14.566294 7.797429
-0.881341 14.453504 7.498752
-0.269156 13.450060 7.421217
-1.551826 10.840269 6.505903
-2.094277 10.815929 7.010216
-2.085766 11.431984 6.907090
-1.400083 11.236904 6.493035
-1.642750 12.342788 6.545913
-1.528076 11.974858 6.437511
-2.013050 12.105459 7.007361
-0.524512 12.738782 6.709566
-0.872834 11.958524 6.476956
-0.741454 13.263741 8.318734
-0.992655 13.193767 8.454937
-0.123172 8.321750 7.251146
-0.425662 8.629933 6.954938
-1.199634 9.314910 6.967424
-0.697538 9.008220 6.387820
-1.567668 12.716681 7.875878
-1.362812 12.896016 7.550180
-2.100331 12.209349 9.274677
-2.059794 12.213070 9.004673
-2.161764 11.855032 8.885936
-2.206837 11.837842 8.768858
-2.148754 11.915070 9.081210
-2.079951 11.890826 9.130785
-2.134206 11.970847 9.092155
-2.162085 12.077600 9.304030
-2.375930 9.861624 8.515623
-2.210511 9.680918 9.091517
-2.399080 9.851523 8.814862
-2.216679 9.878338 9.185134
-1.696697 12.291682 9.931613
-1.756601 12.088769 9.868455
-1.537441 11.871930 10.092976
-1.690441 11.834987 9.992570
-2.237701 10.259672 11.255176
-2.408380 10.347842 11.191582
-2.252264 10.291271 11.292051
-0.678153 13.425511 6.763483
-1.731418 12.547760 9.193065
-1.714500 12.814600 8.919924
-1.930615 12.337071 8.811964
-1.914012 12.540709 8.568297
-2.180753 11.934532 8.174419
-2.252947 11.797648 8.450115
-0.896935 13.282744 7.663238
-0.935482 13.090695 7.837229
-2.474962 9.259127 9.917963
-2.411594 8.991814 9.876429
-2.518630 9.611073 9.993426
-2.288864 10.891304 10.726568
-2.506288 10.692748 10.959428
-1.959705 11.145474 10.931463
-2.085435 11.152681 10.587309
-1.244359 13.012283 9.347436
-1.356964 12.689107 9.553275
-1.430993 12.555358 9.810941
-1.076401 12.697102 9.865130
-1.237715 12.542797 10.050265
-1.336440 12.299068 10.298596
-0.816869 12.409661 10.323492
-1.063222 12.203091 10.517712
-2.716741 10.723657 8.720432
-2.567058 10.092916 8.849841
-2.681357 10.763094 9.512011
-2.633322 10.260269 9.482250
-2.236224 11.069269 10.500437
-2.295736 10.059163 7.658899
-2.406257 10.451861 7.440450
-2.563331 11.236131 8.215949
-2.618312 10.761505 8.254428
-2.489475 10.279752 7.963558
-2.166521 11.825934 8.916092
-0.497334 11.696534 6.104818
-0.839403 10.534128 6.144735
0.285219 12.745815 6.788226
1.185922 12.647314 7.587267
-0.894739 9.426090 6.262003
-0.948182 9.917457 6.169771
-2.325629 9.985531 7.978247
-1.981463 9.471363 8.276698
-1.737232 9.192901 8.553977
-1.202176 8.811998 9.040285
-2.495301 10.679174 10.908968
-2.319728 10.826200 10.749026
-2.614294 11.044486 10.396078
-2.256335 11.026384 10.472499
-2.439301 8.961575 10.485669
-2.286466 8.893692 10.628819
-2.565190 9.113956 10.167688
-2.360736 8.776984 10.236985
-2.463722 8.974561 9.989768
-2.320400 9.612329 10.290604
-2.294056 9.626714 10.212981
-2.492244 9.705544 10.081613
-2.058666 9.676339 9.564404
-1.566369 9.884421 8.976637
-1.889146 9.873684 9.007574
-1.265278 9.535602 8.732686
-2.691149 10.227933 10.559018
-2.354206 10.086726 9.861271
-2.428834 10.368312 10.490382
-2.102321 10.212737 9.869417
-1.893125 10.120436 9.636372
-2.210016 9.945806 9.264434
-1.883133 9.690144 9.072304
-2.182298 9.843749 9.265289
-1.946683 9.521330 9.102234
-2.325528 9.505971 10.205897
-2.326800 9.510190 10.259312
-2.043122 8.687152 10.176424
-0.403759 12.720604 9.892541
-0.857314 12.905186 9.614283
-2.592893 11.540661 9.681107
-2.687731 11.341227 9.753622
-1.991901 11.320983 10.127648
-2.138350 11.226108 10.260275
-1.366327 14.385325 7.518283
-0.717378 13.551515 7.371688
-2.124068 12.074744 7.318655
-2.369163 10.313449 11.024002
-0.569200 12.596076 10.065126
-1.376559 11.550424 10.684222
-1.582744 11.578675 10.575762
-1.697474 11.444656 10.693711
-2.278855 10.126752 11.246170
-2.168261 8.716980 10.370151
-2.574872 9.473183 10.215993
-2.531599 9.623024 10.271496
-1.963371 12.167616 9.640327
-1.743279 12.001582 9.726921
-1.917675 12.082354 9.487740
-2.020187 12.337564 9.522522
-1.558053 10.051487 10.179485
-1.949314 10.203795 10.815278
-2.095690 10.254014 10.716102
-1.266502 9.919667 9.696382
-1.129740 9.831594 9.456399
-2.095414 9.494307 9.621048
-0.984771 9.483066 9.072012
-1.393789 9.287320 9.555814
-1.679557 9.308047 9.974069
-2.090993 9.438920 10.627724
-2.087771 9.337655 10.571536
-2.035211 11.946862 9.158338
-2.121149 11.559792 9.451039
-1.806523 12.064940 9.495866
-1.913707 11.493085 9.726565
-1.665691 11.964105 9.736813
-1.655837 11.728231 9.841346
-1.937819 11.479814 9.882943
-1.975566 11.522808 9.766640
-2.263535 11.548761 9.485856
-2.183007 11.589515 9.491114
-1.725592 11.699713 10.047780
-1.755706 11.702394 9.904914
-1.700671 11.767006 9.896222
-1.821711 11.549440 10.117682
-1.937161 11.397325 9.995891
-1.937807 12.488487 9.358807
-2.377461 10.315902 11.002553
-2.968305 10.861101 10.613784
-2.733255 10.786234 9.566519
-2.525634 11.174742 9.974616
-2.516097 11.581948 8.846399
-2.324345 11.428766 9.418978
-1.686359 11.739206 10.228285
-1.829024 11.506915 10.390868
-1.771864 11.599985 10.325728
-1.455236 12.225198 10.094289
-1.899383 11.380514 10.212518
-2.173467 10.052654 11.058066
-2.328207 10.114865 10.992919
-2.814786 11.334799 8.921288
-2.152658 11.162393 10.277005
-1.972125 11.309219 10.500500
-1.833923 11.288979 10.817422
-1.657238 11.239757 10.926380
-2.568997 10.115283 8.463439
9.918928 1.856802 -5.223094
10.021832 1.747715 -6.719218
10.386650 2.980551 -5.525744
10.561098 2.706227 -6.669051
5.234371 4.601705 3.586478
5.405460 5.926344 4.078852
3.938374 4.566695 5.250997
4.451645 5.905055 5.610448
10.483411 4.700075 -6.618220
10.548811 4.106007 -6.109071
10.398429 3.634379 -7.417193
10.528909 3.334760 -7.017451
5.564184 7.250371 3.361284
6.167464 7.207886 2.204022
5.616424 8.807834 3.147605
6.124599 8.684589 1.908163
5.283259 9.055871 4.063595
5.315107 7.389026 4.320980
3.555300 9.596962 6.031587
2.984777 9.577203 6.135060
3.299146 7.629624 6.401290
2.706427 7.805193 6.480601
2.603642 3.637873 2.037526
3.464474 3.034682 0.556592
1.238772 4.710039 4.213611
0.743744 5.644808 5.290835
5.203332 9.990033 2.452972
4.932900 10.426307 3.474451
5.938146 9.793565 1.506985
10.010977 5.119416 -7.329764
9.954260 3.996344 -7.848977
9.217950 1.829833 -7.336805
9.139737 2.050485 -7.490969
3.693213 10.526477 5.147643
2.588116 10.460935 5.709957
2.052851 6.017997 6.347716
1.983143 4.789446 5.970174
2.916502 5.778186 6.542483
2.686291 4.646560 6.278793
5.385724 6.114816 3.336644
5.195064 4.845535 3.201851
4.627436 7.464701 5.461353
4.793622 9.458634 4.955875
4.534121 10.850968 4.338879
1.797827 4.048328 3.251062
2.435246 4.130255 3.325428
3.190487 3.506434 2.254953
1.914131 3.885780 5.715146
1.662860 4.015629 4.932747
1.877480 2.578289 5.196541
1.521594 2.692953 4.591234
2.662750 3.754502 5.885106
2.370034 2.348141 5.316315
3.718121 3.609540 4.927291
3.113383 2.233163 4.662541
5.063815 3.743406 3.228395
3.790283 2.159532 3.191440
1.621396 2.811519 4.077067
1.094470 1.415066 4.064895
1.260392 1.445282 4.411930
1.622274 1.372637 4.931084
2.059956 1.127615 5.047760
2.629333 1.019759 4.415447
2.947917 0.995998 3.270934
2.173429 -0.477366 3.431762
2.032210 -0.315451 4.551358
1.319693 -0.136914 3.222204
2.200651 1.318901 2.761677
0.254586 -0.776544 4.251723
0.318932 -0.885208 3.875538
-0.027374 -1.173086 4.264826
0.172853 -1.313450 3.941120
0.163196 -1.186334 4.750461
0.329624 -0.759193 4.678068
0.655113 -0.900274 4.921630
0.438432 -1.276892 4.971085
1.043716 -1.102860 4.980727
0.877924 -1.475689 5.013217
1.350010 -1.372048 4.631440
1.182674 -1.672140 4.658887
1.406217 -1.531560 3.624003
1.193597 -1.796247 3.736351
0.685648 -1.122752 3.425985
0.597484 -1.555079 3.507246
9.719192 2.328980 -3.818044
10.188316 3.436881 -4.161851
8.546702 3.541521 -2.346359
9.121552 4.771212 -2.977088
8.189341 0.347378 -6.646596
8.273376 1.571264 -6.614784
7.153717 0.308628 -6.121474
9.491355 0.863225 -6.510348
8.869677 0.159253 -6.238769
7.622286 2.336329 -1.719792
8.975612 1.192189 -3.432107
8.704474 -0.365694 -5.016257
9.308855 0.855025 -5.078435
6.563491 -1.222029 -5.887679
7.418946 -1.038283 -6.464710
5.967604 0.445454 -4.573791
6.027748 -1.067410 -5.050400
6.744577 0.645556 -1.930674
6.647224 -0.909958 -2.890784
8.150167 -0.184758 -3.537076
7.432034 -1.270148 -3.812031
7.911214 -1.095448 -6.204078
7.923235 -1.386188 -4.980408
10.341903 5.110780 -4.799896
10.254635 6.043507 -5.419261
9.825374 6.629886 -5.952079
6.665154 2.549139 -2.525439
6.722723 1.777301 -4.442611
5.597361 0.865321 -2.600096
5.519380 -0.672717 -3.443608
6.851294 -3.527263 -7.002944
6.295913 -3.559885 -6.700121
6.010479 -3.562417 -6.135762
5.934090 -3.588572 -5.351229
5.907049 -0.604615 -2.914053
6.095367 -3.741304 -4.714215
6.690296 -3.907359 -4.836454
7.506500 -3.940484 -5.915491
7.301896 -3.689194 -6.711882
5.577380 2.770296 -1.544737
4.734215 2.945047 -0.096779
4.889602 2.711710 -1.799283
4.108253 2.820126 -0.516006
7.524479 4.595210 -0.827928
6.644319 3.462619 -1.063862
7.981983 4.151450 -1.658748
7.246566 3.146590 -1.529536
8.165510 8.398256 -2.615583
7.275189 9.024567 -0.800458
8.073568 7.390733 -1.855074
7.404547 7.950777 -0.415379
7.951170 6.135027 -1.198634
7.506215 6.627427 0.101176
6.966327 5.162605 0.411089
6.464750 5.485711 1.547492
6.177063 3.934778 0.518941
5.734241 4.231595 1.628059
4.141079 3.113200 0.939434
6.768672 8.323302 0.775760
6.749256 9.406428 0.406361
6.823166 6.855397 1.315980
5.882126 -4.554895 -6.785275
5.467208 -5.407822 -6.083543
5.745844 -4.504247 -6.356425
5.287607 -5.308310 -5.822794
5.688694 -4.472547 -5.569880
5.158100 -5.211768 -5.363748
5.478499 -5.312584 -4.990407
6.002845 -4.600342 -5.288863
6.483043 -4.669514 -5.278816
5.807011 -5.443113 -4.904629
7.056792 -4.858976 -5.718526
6.309898 -5.684596 -5.228644
6.359495 -4.812473 -6.832356
6.703701 -4.181577 -6.992380
6.805679 -4.896498 -6.566104
7.051331 -4.274831 -6.691871
6.058926 -4.092144 -6.881732
5.823933 -4.059520 -6.306040
5.761986 -4.161012 -5.691800
6.103940 -4.218791 -5.145063
7.395169 -4.432089 -5.799991
6.559174 -4.220369 -5.143901
9.128930 2.426554 -8.019642
9.140597 2.347713 -7.651519
9.854260 3.276975 -8.292619
9.053146 2.235960 -8.244784
9.746227 2.430568 -8.621212
8.879501 0.471238 -8.774516
9.396157 0.707878 -9.150962
8.836819 -1.319372 -9.579505
9.281329 -1.199166 -9.952593
8.834542 -3.077509 -10.580328
9.231545 -2.950013 -10.791527
9.191728 -5.383451 -12.269234
9.535348 -4.969455 -12.333030
9.828473 -6.776787 -13.928246
10.091600 -6.481308 -13.937588
4.465234 -6.724810 -5.271729
4.591406 -6.309024 -5.179990
4.691312 -5.966181 -4.889837
5.044904 -6.030748 -4.608109
5.376984 -6.677802 -4.674860
5.236341 -6.203443 -4.531897
6.205371 -5.720077 -6.097839
5.154037 -7.171689 -5.167540
5.754954 -5.552985 -6.345339
4.779041 -7.052865 -5.439661
8.339850 1.611232 -7.088898
6.698407 1.917536 -4.443076
8.142428 1.688168 -7.159523
6.528400 2.242400 -4.658083
4.121110 4.048331 2.602445
3.134710 2.564160 2.598371
3.968898 3.535072 2.188261
4.543063 3.215395 1.157193
7.333054 2.829259 -1.665978
6.164387 0.953695 -1.968951
2.147102 9.062825 7.305869
1.830657 8.642490 7.236892
1.733517 7.635743 6.597375
2.176616 10.883511 6.615599
2.551395 10.061857 7.164492
9.150131 7.506340 -4.816136
9.883468 6.505647 -4.766096
10.121871 5.832430 -4.241740
8.160215 3.874786 -1.902283
9.451667 6.290555 -3.840073
8.756231 5.117346 -2.470017
5.302149 3.061289 0.248645
6.146205 2.994316 -1.255238
6.537307 2.695481 -2.242939
5.867065 5.930058 2.410337
1.761566 5.054236 5.137103
1.650423 4.483217 4.351566
1.199572 5.472296 5.395882
0.521888 6.858648 6.274209
1.101893 6.638289 6.281337
2.359391 2.566142 2.950643
1.499838 1.226780 3.406743
0.817977 0.115853 3.675024
0.758127 0.215725 4.491111
0.604833 0.245222 4.107720
1.096755 0.110764 4.902988
1.631093 -0.109227 4.958631
0.388143 -0.588044 3.828442
0.805960 -0.809542 3.399199
0.296007 -0.469545 4.164798
0.469587 -0.502062 4.572140
0.741631 -0.643014 4.826188
1.185155 -0.778184 4.935013
1.545227 -1.052560 4.610884
1.583421 -1.179980 3.602588
5.449745 4.518650 2.634028
8.613662 5.644111 -2.210399
8.961758 6.580035 -3.270567
3.093729 3.701708 3.066431
1.722350 3.783525 4.158281
4.437520 -6.834915 -5.288286
4.731361 -7.142825 -5.417471
5.102119 -7.265749 -5.141392
5.165182 -6.922658 -4.497439
4.925930 -6.619503 -4.301018
4.705652 -6.473202 -4.349530
4.369086 -6.393156 -4.647662
4.358478 -6.569089 -4.980176
4.628383 -7.269652 -5.334718
4.334541 -6.961743 -5.205534
4.999141 -7.392575 -5.058640
5.062206 -7.049479 -4.414687
4.815547 -6.763908 -4.216657
4.602674 -6.600029 -4.266778
4.266109 -6.519982 -4.564911
4.255501 -6.695916 -4.897425
3.892060 -7.641285 -4.763672
3.781338 -7.252880 -4.631818
4.560700 -7.878662 -4.279691
4.360747 -7.807676 -4.424423
4.709946 -7.297306 -4.028461
4.558585 -6.784417 -3.932352
4.342547 -6.659563 -4.022878
4.043922 -6.603566 -4.288575
3.914921 -6.736519 -4.609865
3.264954 -7.327415 -4.220299
3.507866 -7.110505 -4.519133
3.947017 -7.559962 -3.621723
4.364302 -7.758120 -3.866381
4.587147 -7.256176 -3.809718
4.437421 -6.838451 -3.698071
4.177751 -6.649139 -3.893949
3.921584 -6.584116 -4.122199
3.594094 -6.626308 -4.536612
4.163588 -6.820957 -3.015067
3.704797 -6.591855 -3.260387
3.777449 -7.434125 -3.027006
3.374293 -7.282951 -3.230851
4.072480 -6.797236 -3.167856
3.720283 -7.421342 -3.150485
4.331180 -7.147177 -3.006843
4.072109 -7.555949 -3.001900
3.331638 -6.548221 -3.686475
3.097155 -6.820843 -3.947420
3.070351 -7.184201 -3.550908
3.005393 -7.177554 -3.777342
3.033080 -7.010394 -3.962177
3.703079 -6.573229 -3.261749
3.313243 -6.479094 -3.592290
3.385454 -7.287308 -3.227090
3.082505 -7.180388 -3.453268
3.869941 -7.506541 -3.392691
4.376695 -6.769519 -3.497985
4.075111 -6.581443 -3.714797
3.575745 -7.400899 -3.592539
3.753273 -7.490781 -3.757597
4.394181 -6.783114 -3.489145
4.600506 -7.277699 -3.443639
3.886453 -7.515145 -3.410708
4.199389 -7.643013 -3.367509
3.359104 -7.320985 -3.716514
3.486337 -7.395274 -3.942717
3.661663 -6.473924 -4.042687
3.441501 -6.680024 -4.323605
3.332449 -7.033206 -4.419988
3.162518 -7.264825 -4.007810
3.668846 -7.433713 -3.522550
4.057144 -6.567232 -3.722236
3.706383 -6.483092 -4.029576
3.327577 -7.309743 -3.738793
-1.022162 -3.947262 6.568474
-1.244537 -4.444752 6.601464
-0.754161 -4.225937 6.654063
-0.916552 -4.577734 6.679292
1.862990 6.262607 5.713303
1.112631 7.887214 7.001647
0.469030 7.853313 6.783990
-0.079959 -3.464800 5.368643
-0.482964 -3.178061 5.319346
-0.761088 -3.094649 5.099282
-1.000533 -3.198982 4.623599
-0.865559 -3.496181 4.313105
-0.631869 -3.798473 4.120735
-0.062121 -4.103068 4.355096
0.145927 -3.851017 5.030201
-0.164148 -3.920007 5.510105
-0.147819 -3.620756 5.386663
-0.571422 -3.557103 5.461531
-0.550039 -3.332926 5.336715
-1.032653 -3.418631 5.115563
-0.829776 -3.251473 5.117873
-1.390193 -3.647867 4.743321
-1.069580 -3.356123 4.642413
-1.744989 -4.403764 4.897822
-0.933629 -3.652059 4.331148
-0.719055 -4.000730 4.142417
-1.193833 -4.649687 4.769655
-0.655488 -4.844814 5.118218
-0.129111 -4.257619 4.372315
0.077652 -4.007436 5.048519
-0.230291 -4.574054 5.451737
-0.343325 -3.977763 6.237571
-0.695886 -3.705411 5.935652
-0.908313 -3.506207 5.745104
-1.449034 -3.424978 5.406663
-1.191276 -3.466672 5.567400
-1.917974 -3.489167 5.149170
-2.189884 -4.179850 5.218645
-1.577051 -4.397416 5.643581
-1.817362 -4.311113 5.480681
-1.316812 -4.490526 5.826409
-1.066630 -4.580535 5.999701
-0.664186 -4.725387 6.295012
-2.122351 -3.729374 5.854842
-2.339649 -3.829917 5.628170
-2.263763 -4.080286 5.883303
-2.410571 -4.039558 5.664858
-1.843287 -3.631882 6.331524
-2.159375 -3.543596 6.031459
-2.044713 -4.125596 6.370557
-2.356092 -4.022237 6.070768
-1.472664 -3.710295 6.512544
-1.826435 -3.642513 6.284219
-1.697609 -4.255613 6.555640
-2.029708 -4.136769 6.322410
-1.474282 -3.704917 6.555175
-1.700573 -4.250177 6.597793
-1.139385 -3.877972 6.742074
-1.359031 -4.378798 6.773295
-0.466052 -4.029644 6.711304
-0.854379 -3.655918 6.362650
-1.205808 -4.479118 6.421510
-0.735137 -4.648470 6.756324
-1.794765 -3.363961 5.721171
-2.121539 -4.150638 5.786577
-2.247923 -3.475004 5.488732
-2.459601 -4.030572 5.548298
-1.457870 -3.376688 5.918029
-1.820876 -4.258691 5.991970
-1.784954 -3.366303 5.727563
-2.112244 -4.153947 5.793212
-1.120797 -3.435883 6.133750
-1.508818 -4.370348 6.211241
-1.825595 -4.256994 5.988745
0.017557 8.755353 8.709044
0.177658 8.625005 7.939319
0.495378 8.814213 8.984615
0.096989 8.791092 9.502232
-0.253842 8.772942 9.218950
0.826054 12.677533 9.882360
1.085226 12.713309 9.317799
0.599120 12.769872 9.600163
1.467573 12.637696 8.869653
-2.006075 10.158481 11.292589
-2.081260 10.203806 11.364832
-2.092564 10.056519 11.355625
-2.137875 10.078992 11.357004
-1.320809 9.854243 11.642656
-1.976477 10.141952 11.329394
-1.495915 9.788910 11.626162
-1.669913 9.834747 11.585363
1.372241 9.235950 9.546839
1.154360 9.105301 9.274321
1.616152 8.982662 8.614220
1.301745 8.798808 8.509778
-0.691902 9.373123 10.640164
-0.652414 9.589719 11.044827
-1.071135 9.609261 11.038610
-1.375426 9.740910 11.477939
-0.656434 8.727180 9.583867
-1.004239 8.703291 9.968444
1.773542 13.219188 9.765392
1.422182 12.713543 9.357211
1.412276 12.944640 9.639487
1.218547 12.708042 9.529060
2.467572 11.907044 10.344377
2.896094 12.137823 9.916537
2.733700 12.937820 10.381713
2.889273 12.757085 10.035618
2.871051 13.460138 10.168074
2.552990 12.880449 9.480958
-0.743041 8.823114 10.059484
-0.382335 8.780645 9.844323
-0.942931 11.800207 10.736521
-1.110659 11.650109 10.801807
-1.793690 9.396506 10.873225
-1.952688 9.122159 10.865768
1.875778 10.025938 10.143765
1.156736 9.942427 10.469872
1.413160 9.496366 10.067015
0.991038 9.531247 10.354353
-1.904621 10.703649 11.487772
-2.021744 10.520257 11.522247
1.899772 13.144348 9.793857
1.517787 12.887840 9.656845
2.458149 12.105087 10.275939
2.059062 11.776111 9.819295
2.248554 11.029460 10.071030
2.315756 13.457266 9.974248
2.546190 13.229505 9.901238
2.026483 12.630269 9.030316
1.969715 9.582697 8.974284
1.649975 9.478826 9.634704
2.009073 9.969682 9.777318
2.120122 9.979810 8.960481
2.619372 10.820749 9.533396
2.523919 10.527858 9.277708
2.202251 10.600140 9.962025
2.389070 11.698318 8.751806
2.328276 10.815381 8.720735
1.188582 12.414830 9.983848
1.278258 12.542488 9.734426
0.340525 8.356321 7.491988
0.814152 8.595771 8.378963
1.062545 8.379680 7.621530
1.614936 11.580147 10.106685
1.927870 11.720887 9.856743
0.604395 10.833928 10.739357
0.531111 11.287836 10.820737
0.499980 10.904503 10.751653
0.305197 11.350316 10.960803
0.354303 11.021209 10.835697
0.366007 11.078000 10.844650
0.284476 11.046469 10.788102
0.236192 11.221156 10.985073
-0.008384 9.016154 10.175126
-0.266523 9.089969 10.309651
-0.625768 9.114993 10.202323
-0.618286 9.307538 10.305509
-0.322405 11.800912 10.894906
-0.684830 11.567456 10.690603
-0.343131 11.584007 10.859210
-0.578155 11.437780 10.772212
-2.103543 10.238982 11.405253
2.681532 12.225740 9.118414
0.438313 11.772932 10.713912
0.722285 11.389699 10.671482
0.788589 11.920726 10.674434
1.019228 11.493225 10.624316
1.155682 10.743064 10.513053
1.664566 12.162196 9.659701
1.890892 12.287188 9.617332
-1.465274 8.898559 10.625692
-1.562163 8.688475 10.471827
-1.365067 9.199126 10.802003
-1.489224 10.605745 11.287066
-1.727282 10.414559 11.505463
-1.632021 11.028455 11.161149
-1.301209 10.872627 11.137003
0.394896 12.426892 10.496451
0.100575 12.168608 10.574919
-0.232015 12.395565 10.456991
-0.164136 12.102954 10.698930
-0.422435 12.251655 10.621726
-0.766800 12.095645 10.697878
0.274822 9.655346 10.817332
-0.401598 9.948973 11.109979
-0.150763 9.230037 10.543514
-0.608977 9.537359 10.901189
-1.227277 10.708966 11.207646
0.801788 8.953012 9.830072
1.190237 9.167525 9.961369
0.901670 9.998751 10.644699
0.873542 10.681154 10.641590
0.671892 9.586547 10.560658
0.680899 9.147585 10.185793
0.462148 10.887214 10.758625
2.446538 10.645252 8.168290
1.979670 9.527414 8.120730
2.133402 12.085814 8.083687
1.402292 8.605801 7.872079
1.711532 8.967651 8.034066
2.405969 9.396797 7.255421
0.499793 8.976550 9.958693
-0.066539 8.787528 9.618941
-0.487015 8.746439 9.430303
-1.692161 10.392366 11.471919
-1.058821 10.489013 11.486368
-1.530127 10.544227 11.302487
-1.217269 10.655325 11.200820
-2.096567 8.839181 10.725904
-1.981151 8.641431 10.503051
-1.724334 8.813679 10.757076
-1.655650 8.685992 10.556176
-1.668536 9.379541 10.747521
-1.405967 9.317626 10.843025
-1.601171 9.379279 10.698649
-1.073049 9.324367 10.255260
-0.588166 9.535096 9.662296
-0.601699 9.298633 9.197814
-0.543695 9.393212 9.950652
-1.542083 9.817592 11.364442
-1.482474 10.030359 11.153721
-1.079484 9.631512 10.754771
-1.090251 9.851318 10.578816
-0.978417 9.793786 10.277525
-0.658760 9.391840 10.351768
-0.682141 9.261260 9.914124
-0.711054 9.318355 10.296540
-0.767576 9.100262 9.928715
-1.640897 9.261484 10.685780
-1.684993 9.280995 10.709179
0.025432 12.589950 10.233032
-0.225805 10.695354 11.340288
-0.850924 10.913530 10.927402
-0.354259 10.507925 11.389241
-0.973152 10.810007 11.077007
2.613387 12.964137 10.307815
2.219670 12.502673 9.430376
1.945266 10.621552 10.171005
-1.777456 11.107254 11.030382
-1.982831 10.175486 11.294797
-1.526677 11.383664 10.813429
-1.221625 11.449716 10.828884
-1.355880 11.322671 10.933147
-1.605397 9.126976 10.895535
-1.597542 9.289464 10.926212
-0.262169 11.472665 10.765087
-0.062107 11.488660 10.972995
0.021655 11.389804 10.847088
0.128266 11.570334 11.028455
-1.806809 10.150853 10.918589
-1.193759 9.172319 10.253052
0.274804 11.121937 10.777515
-0.019237 11.426686 10.748642
-0.129205 10.848452 10.847267
-0.446076 10.968982 10.755282
-0.305538 11.478383 10.690196
-0.502445 11.316345 10.649801
-0.581674 10.995524 10.833517
-0.130698 10.787108 10.980843
-0.453102 10.979124 10.833792
-0.136231 10.858595 10.925778
-0.677370 11.325385 10.782517
-0.545379 11.270176 10.753277
-0.522303 11.346202 10.722183
-0.740585 11.154276 10.776195
-0.716032 10.961250 10.851826
0.317228 11.683195 10.939447
-1.961220 10.167259 11.294311
-1.244904 10.245661 11.821781
-0.426372 9.962428 11.183501
-0.657253 10.507528 11.284235
0.497164 10.505887 10.958508
-0.111406 10.638507 10.970111
-0.825497 11.431785 10.831695
-0.994196 11.199708 10.876740
-0.910183 11.283188 10.830421
-0.594495 11.917820 10.697615
-0.919938 11.030747 10.899048
-2.053170 10.016647 11.185702
0.393600 10.189057 11.170168
-1.012381 10.755191 11.076268
-1.183651 11.027648 11.053173
-1.499567 11.169578 11.051785
0.194175 9.128531 10.400252
