3395
-1.62494 -4.65042 -0.0661846
-1.5892 -4.35943 0.3973
-1.58818 -4.84276 -0.0210877
-1.58007 -4.71998 -0.291331
-1.47815 -4.65482 0.739021
-1.47262 -4.53136 0.591442
-1.43587 -4.7016 -0.723585
-1.38479 -4.69393 -0.886949
-1.3804 -0.421902 0.397638
-1.37611 -0.548398 -0.0121805
-1.3751 -4.65561 -0.883003
-1.35425 -4.65324 -0.93633
-1.34906 -4.81615 0.912194
-1.34151 -3.05466 0.247353
-1.33812 -4.61705 -0.872856
-1.33552 -4.61434 -0.931482
-1.33011 -0.415701 -0.367432
-1.30362 -4.85313 0.881077
-1.2787 -4.75526 1.0591
-1.27385 -4.81039 1.02335
-1.2132 -0.371844 -0.592579
-1.16957 -4.71615 1.15516
-1.16303 -4.33147 -1.13149
-1.12143 -4.78165 1.21017
-1.06867 -0.478385 0.989423
-1.05559 -3.92909 -1.10138
-1.05164 -4.75526 1.28571
-1.03022 -3.89414 -1.17039
-1.01613 -3.74758 -1.1687
-1.00012 -3.97407 -1.21142
-0.989634 -3.70766 -1.17377
-0.952879 -0.508262 1.11806
-0.93766 -4.66045 1.39946
-0.925032 -4.09369 -0.47093
-0.900568 -3.81804 -0.461572
-0.893578 -4.66282 1.4369
-0.882642 -3.93664 -0.470704
-0.880837 -0.449523 1.15211
-0.85051 -0.46542 1.18841
-0.840927 -0.423592 1.16045
-0.810373 -0.443661 1.19315
-0.793349 -4.64308 -1.48347
-0.75637 -4.59167 -1.47828
-0.752199 -4.47386 1.498
-0.642839 -4.23879 1.51063
-0.624912 -0.461699 -1.24074
-0.598305 -2.51101 0.917831
-0.583874 -2.59355 0.981644
-0.577335 -0.520213 1.37523
-0.573164 -2.71587 1.04906
-0.560762 -3.71161 0.411618
-0.55535 -2.79851 1.11366
-0.499881 -0.369701 1.29619
-0.470793 -0.375451 -1.26069
-0.465832 -0.372295 1.36328
-0.4275 -0.376467 1.37872
-0.412731 4.08576 0.0622301
-0.411265 3.96096 0.0447549
-0.40732 4.04044 -0.0130818
-0.404388 3.93221 -0.0134201
-0.404275 4.12489 0.038216
-0.401119 4.01147 -0.0587426
-0.399991 3.84529 0.0835383
-0.398525 4.16649 0.0579459
-0.397511 4.2825 0.0641468
-0.389732 3.8056 0.101802
-0.388604 4.32523 -0.0289784
-0.384997 3.89399 -0.0452135
-0.383869 4.00054 0.0895138
-0.382403 4.36074 0.0550146
-0.379022 4.52636 0.0278437
-0.375752 4.36615 -0.0367577
-0.369326 4.05025 -0.0535563
-0.368762 4.55985 0.00168747
-0.362674 3.8551 -0.0625758
-0.362223 4.60043 -0.00361142
-0.361997 4.63538 0.0187116
-0.356472 4.75838 0.0263781
-0.355345 4.76019 -0.00192025
-0.351173 4.83111 0.0240105
-0.345423 3.76388 0.114655
-0.335278 4.79469 -0.000454605
-0.334826 4.63538 0.0586224
-0.334149 3.29003 0.0976311
-0.321861 4.8293 0.0472354
-0.321522 3.17322 0.0946998
-0.319719 4.86898 0.0263781
-0.306978 4.94892 0.0171332
-0.303822 4.91611 0.00292768
-0.302695 2.96781 0.121532
-0.299989 4.95332 -0.00113104
-0.294464 4.90935 0.0329171
-0.287249 -4.37002 1.61875
-0.285445 -4.41219 1.6528
-0.282852 -4.45289 1.67095
-0.273494 -0.173755 0.0149905
-0.268759 4.98309 0.0100304
-0.259402 -0.138129 -0.0575028
-0.256921 -0.173755 -0.0779093
-0.256583 -0.129785 -0.018494
-0.23877 -0.390897 -1.36689
-0.228285 -4.44793 1.63116
-0.227834 -4.49292 1.66565
-0.224451 -0.21547 0.260318
-0.218476 -0.169133 -0.164721
-0.206074 0.281837 0.193011
-0.192207 -0.169021 0.224015
-0.186344 -0.201941 0.283993
-0.173266 -0.177814 -0.170246
-0.151732 -0.134633 0.24724
-0.147561 -0.188524 0.285009
-0.127268 -0.178152 -0.196627
-0.091979 -0.146358 -0.184338
-0.0881458 -0.193598 -0.226053
0.0123076 -0.420211 1.43904
0.0968645 -0.241288 0.262347
0.13576 -0.274547 0.23495
0.171387 -0.290557 0.276553
0.189877 -0.224715 -0.191553
0.209156 -0.189877 -0.112972
0.213891 -0.222347 0.0412594
0.224038 -0.246249 -0.0607724
0.225842 -0.167441 0.0499406
0.229563 -0.238807 -0.151304
0.231141 -4.6954 1.64931
0.254816 3.20705 -0.0696786
0.25741 3.12847 -0.0748648
0.264738 3.15293 0.168094
0.273983 3.08811 -0.0693404
0.274434 3.1659 -0.0566005
0.278944 3.2455 -0.0560368
0.30183 3.20333 -0.0260473
0.317163 3.24291 -3.8392e-006
0.330354 3.40255 -0.0418312
0.331256 -0.558207 -1.3537
0.333173 -3.9928 -1.40928
0.334187 3.4455 -0.0417185
0.341854 4.66436 0.0103687
0.345574 3.47876 -0.0173662
0.346702 4.7019 0.0446423
0.349746 4.36796 0.111836
0.351888 4.65929 0.060539
0.364402 4.09557 0.127733
0.368235 3.86163 0.151859
0.372971 4.46841 0.000447291
0.409273 -3.13167 -1.36948
0.427313 3.90966 0.0234466
0.444675 -3.81544 -1.54074
0.45764 -0.404765 1.34557
0.486953 -0.397436 1.31435
0.542648 -3.33494 -1.29046
0.555275 -2.44416 -0.942418
0.642425 -0.416603 1.2644
0.681884 -4.35345 -1.52191
0.733408 -4.43452 -1.50489
0.817288 -0.378834 -1.13848
0.894629 -4.6388 -1.45235
0.895982 -4.74309 1.41548
0.988205 -4.64703 -1.33285
1.00714 -0.432838 -0.973422
1.05235 -4.10385 1.2255
1.1563 -4.66181 -1.1263
1.16453 -2.74023 -0.0428467
1.16656 -0.423705 0.693361
1.19171 -4.85391 -1.08526
1.20929 -4.81683 -1.14411
1.27288 -4.66936 -1.03453
1.3288 -0.410515 -0.376676
1.39622 -4.645 0.800805
1.43162 -4.5344 -0.652783
1.4456 -4.60814 -0.754363
1.47424 -4.8254 0.580731
-0.892675 -3.89719 -0.466533
0.640621 -4.0327 -0.817049
-0.234718 2.49565 -0.0843793
-1.30191 -4.62864 -0.643461
-1.2176 -0.43667 0.785359
-0.544157 -3.36228 1.32803
-0.19728 -0.265753 0.619628
-0.161241 -0.747399 -1.05357
-0.431199 -4.68405 -1.58758
-0.220656 5 0.0212245
1.4675 -4.67606 0.594028
-0.929936 -3.96749 -0.576276
1.20864 -0.393549 0.534623
-0.299354 3.44146 0.138043
1.0757 -4.17577 1.03993
0.366655 -0.410463 1.37883
-0.893757 -2.85177 -0.957458
-0.356006 -0.365678 -1.29147
0.680363 -3.93942 -0.674371
1.22539 -4.55472 0.652936
0.939238 -0.470146 -1.06684
0.4375 -3.55671 -1.47196
-0.0833002 -0.573214 1.44523
-1.17521 -4.37408 -1.06779
0.694512 -4.32888 -1.24288
0.55607 -4.6645 1.56805
0.080958 -0.557233 1.43108
-0.980459 -4.66022 1.35261
-0.0288558 -4.53504 -1.46427
-0.931457 -4.08069 -0.336354
0.895869 -4.8192 -1.37782
0.154705 -0.935299 -0.876587
-0.126853 4.97649 0.0198531
-1.23924 -2.79545 0.182378
-0.431158 -4.04866 1.58153
0.913798 -4.75595 -1.43874
-0.360118 -0.481347 1.471
0.617856 -0.464389 -1.27151
0.629515 -0.515933 -1.26752
-0.11847 4.94122 -0.0013746
1.51154 -4.80946 -0.610941
1.52246 -4.79237 0.48842
0.901855 -4.57281 -1.21206
-0.513756 -3.69247 0.447582
0.864085 -0.394381 1.10046
0.15974 -4.17697 1.08281
1.0063 -0.392242 -0.947925
-1.08661 -3.94683 -0.100205
-1.50273 -4.74843 -0.513669
1.35864 -0.372509 -0.0991401
1.03016 -4.68625 -1.32741
0.896883 -0.41953 1.0928
-0.783714 -2.98765 -1.08084
0.494169 -2.97969 -1.25426
0.322435 -3.72617 -1.36018
0.129689 0.271329 0.225625
-0.394868 -4.90583 -0.134989
-0.159533 0.522559 -0.1431
-0.474788 -3.24728 1.37193
-0.112273 -4.2406 1.29213
-1.55568 -4.68715 0.605476
-0.904139 -2.68585 -0.794153
0.868679 -0.451314 1.12426
0.128334 0.534258 -0.147509
0.781968 -2.32153 0.648284
-1.25637 -4.6744 1.00645
0.76726 -2.34036 -0.542901
-0.459028 -1.69574 0.645632
-0.175832 1.71657 -0.119636
-0.309384 -1.34962 0.712917
0.75528 -1.18347 -0.163368
0.807588 -2.30901 0.576925
0.290511 3.48344 -0.057406
-1.35955 -3.2082 0.138799
0.26735 -3.28202 -1.26186
0.721739 -1.05478 -0.397567
-1.045 -4.20603 -0.907061
-0.745251 -0.378439 1.13738
1.24581 -4.87657 0.807761
-1.15068 -2.7056 -0.0217012
-0.228549 2.38719 0.17186
-0.279174 -1.14835 -0.769197
0.0512037 -2.40922 0.946919
0.202705 3.16733 -0.080489
-0.968068 -3.212 -0.893566
0.230751 -1.94753 -0.87078
1.35981 -4.28694 -0.0193966
-1.51041 -3.76114 0.300622
1.18481 -4.02998 -0.463459
-0.749605 -0.352226 -1.09259
-0.920369 -0.548864 -0.979145
-0.281209 4.79336 -0.0198744
-0.266541 2.93567 0.155579
-1.27436 -4.18042 0.00377958
0.128698 4.95519 0.0266941
0.613256 -4.12911 -1.44936
-0.739622 -1.69759 0.327976
0.0402089 -2.99468 -1.05571
-1.60413 -4.32304 0.345657
-0.165597 0.917163 -0.143739
1.1615 -2.87456 -0.389545
-0.169752 -0.54803 -1.36083
-0.211313 -1.14996 0.815697
0.298004 3.67914 -0.0474805
-0.922893 -2.97822 -0.992715
1.15146 -4.45882 0.529919
1.62937 -4.5362 -0.294075
0.348598 3.79044 0.15348
1.3805 -4.8776 0.563233
-0.642866 -4.30543 1.53757
-0.18559 -2.59374 1.13844
-0.608855 -3.15264 0.511876
0.0118516 0.60264 0.271369
-0.249696 0.612876 0.0524981
-0.762059 -1.44262 -0.118683
0.387226 4.45809 0.0245393
0.996529 -0.45687 0.989714
-1.0317 -3.82159 -1.04409
1.19328 -2.77842 -0.286649
1.34042 -4.84953 -0.863078
-1.11606 -4.67274 1.15899
1.12531 -4.55741 -0.827534
-1.03216 -4.28507 -0.557788
0.444067 -1.42245 -0.631551
-0.142434 -4.78659 -1.65231
0.285705 2.82893 0.0792535
0.845221 -3.19537 1.11803
-0.76272 -1.43891 0.173336
-1.34514 -0.53284 0.469019
-0.343198 3.56977 0.117988
0.589644 -1.59752 0.483754
0.723147 -1.42918 0.101456
-0.0553719 -0.394582 -1.3996
-1.122 -0.516604 -0.778801
0.124025 -4.52727 1.37996
-1.52819 -4.86087 0.337314
1.37336 -0.414661 -0.0969016
-0.83881 -2.1782 -0.483
1.54443 -4.56098 -0.593584
-0.912571 -3.8612 -0.514841
-0.535543 -4.64011 -1.54249
-0.904574 -4.45361 -1.36447
-0.181768 0.421969 0.195063
0.389121 -3.29461 -1.40074
-0.19944 3.42699 -0.0902687
0.146229 -4.77237 -1.67465
-0.326181 4.19865 -0.0516859
-1.0754 -4.07433 -1.18972
-0.0237699 -1.17175 -0.80149
-0.526412 -3.84495 0.537077
0.0165838 0.48891 0.261384
-1.38938 -4.81303 -0.858106
-1.29922 -4.57612 -0.944334
0.365854 3.74506 0.144279
0.410066 -2.35975 0.938678
0.825673 -4.51562 1.42289
0.432345 -1.5027 0.632847
-0.280033 -4.62764 -1.53758
0.367681 3.81792 -0.0301041
-0.64571 -1.80273 0.518962
0.688471 -1.21597 0.316279
-0.574152 -3.93628 0.561459
0.332248 -4.42848 -1.65733
0.278843 -4.832 1.61414
-0.520363 -1.03756 0.707937
1.27716 -4.53057 0.934179
0.0778689 -0.404275 1.4263
0.411862 -4.11409 -1.58177
-0.756003 -0.434048 -1.17917
1.04977 -3.97453 1.09786
-0.689369 -0.9732 0.60968
1.03089 -4.36557 1.30732
1.42786 -4.85968 0.653688
1.0991 -4.27404 1.21532
-1.01987 -4.83932 -1.23749
0.206104 -0.512287 -1.40814
0.852141 -4.20345 -0.685434
0.261504 3.2962 -0.0685341
0.521737 -3.48781 -1.41167
-0.244895 1.02846 0.0126487
1.38189 -4.87946 0.671633
0.714335 -2.73445 0.988488
0.60136 -3.75237 -0.78006
-0.884183 -0.881824 -0.316893
1.11737 -4.27611 1.05139
-0.825897 -1.05728 -0.181659
-0.00110245 -0.471779 -1.41713
-0.89842 -4.03388 -0.408368
0.902808 -0.389653 -1.08894
-0.286385 4.97043 0.0243806
-0.846979 -2.17492 0.441784
-0.868887 -4.53226 1.10172
0.344696 -3.04354 -1.33507
-0.216597 -3.94795 -1.01838
-0.511215 -3.54667 1.44802
0.110912 1.63371 -0.15496
-1.1472 -4.42353 -0.892018
0.56268 -4.78048 1.57672
0.263733 -4.65162 1.58628
-1.19089 -4.46535 -1.15886
-1.19099 -4.31041 -0.18005
-1.30494 -2.94709 0.188721
-1.19814 -2.78416 0.0186472
-0.620564 -3.38297 0.415854
-0.00600444 -0.373207 -1.37798
0.0957189 -2.1882 0.91884
-1.08048 -0.432318 -0.894477
-0.365397 3.54741 0.0684539
-0.691318 -0.400255 1.21897
0.964419 -4.06969 0.747196
-1.37501 -3.19817 0.303091
-0.214759 0.592989 0.163211
1.10467 -0.477906 -0.844591
0.360057 -3.6831 -1.44282
-0.978891 -0.359743 -0.948365
-0.772983 -4.26997 0.801334
-0.266902 4.58485 0.0707405
-1.42077 -0.441083 0.0582102
-0.771431 -1.20647 -0.204421
0.0982059 -0.180652 0.244499
-0.304687 3.35002 -0.0546969
1.06777 -0.3854 0.852218
0.13485 -4.65043 -1.69551
-1.0434 -3.76668 -1.08394
1.51568 -4.41951 -0.0350116
-1.36566 -4.85785 -0.749487
0.310875 4.62695 -0.000894435
-1.22379 -0.473151 0.796985
-0.403654 3.7956 -0.014208
-0.578238 -3.80198 0.427341
-1.61733 -4.40598 0.171408
-0.369225 3.71255 -0.0451769
0.840438 -4.45977 -0.999421
-0.279132 -4.50488 1.68281
-1.38269 -0.526529 0.299072
-0.274139 -1.00765 -0.81702
0.593861 -1.42658 -0.490138
0.315008 4.22209 0.12529
-0.0678921 4.97917 0.0381584
1.55994 -4.54133 0.0694369
0.427381 -0.597576 -1.31713
-0.975533 -3.6518 -0.197985
-0.472834 -4.49467 -1.32927
-0.570467 -0.423105 1.34671
1.59014 -4.70295 -0.469351
1.27727 -4.56811 -0.756281
-1.24505 -0.449575 -0.617582
-0.565446 -3.77043 1.43206
-0.261861 2.60566 0.143719
-0.545005 -3.5571 1.40488
1.36122 -3.29496 -0.339147
-0.419132 -0.41396 1.42274
0.955511 -3.24353 0.925573
-1.56581 -4.86358 -0.206341
1.03097 -4.29027 0.577602
-0.63242 -4.1463 1.42345
0.570707 -0.349325 -1.20957
0.728242 -1.65136 -0.270139
0.236722 -4.70654 -1.68827
-0.0987458 -0.520117 1.47066
1.5794 -4.44468 -0.462025
0.023375 -0.948649 -0.883462
0.737877 -1.32647 -0.105147
0.53098 -2.9541 -1.20754
-0.398834 4.19437 0.00896309
-0.405138 -0.542949 1.46657
-1.64944 -4.62714 0.125329
-0.396113 -0.598115 1.44298
-0.444393 -4.70865 1.63544
1.09813 -0.358413 -0.763382
1.47379 -4.42414 -0.530571
-0.0584324 -1.13491 0.833012
0.196605 -2.75657 -1.18733
0.594318 -0.842404 0.765786
0.0649494 -4.17032 -1.21462
-0.718342 -0.81036 -0.691186
-0.649103 -4.38978 1.55623
-0.552318 -3.60093 0.411396
0.858577 -0.46556 -1.15059
-0.0566496 -4.77603 -1.67485
1.02308 -3.76408 1.14525
-0.336833 -4.45814 1.67021
-0.412651 -3.1344 1.36501
0.861159 -3.59118 0.516755
0.37258 -3.36648 0.982352
0.630301 -1.74123 -0.501696
-1.00724 -0.566013 -0.840264
-0.592891 -4.82747 1.51878
-0.725267 -0.400101 -1.18356
-0.205057 -4.5807 -1.46105
-1.5742 -4.18347 0.343026
0.790652 -4.48804 -1.37524
0.390149 4.22762 -0.00979472
0.185838 1.81395 -0.0988676
0.587585 -3.99433 -1.43523
-0.497576 -1.9711 0.716709
-0.877202 -3.92409 -0.423305
-1.55421 -4.8617 -0.0196046
-1.36764 -3.10394 0.248964
-1.62525 -4.80958 -0.0047768
1.54625 -4.18416 -0.206812
0.518176 -0.698053 1.04258
0.453945 -4.15014 -1.59937
0.268131 -0.269548 -0.0380229
0.3903 3.69228 0.00744333
-0.990919 -0.413439 1.03031
0.747024 -4.5191 1.42099
1.52386 -4.76125 -0.655673
1.40579 -4.26355 -0.446705
0.0610144 -4.6068 -1.65417
1.48784 -4.21384 -0.404364
1.09315 -4.66126 -1.17754
-0.610245 -1.24538 0.533582
0.935244 -3.99847 0.319225
1.2948 -3.02433 -0.147483
-1.14734 -2.58446 0.0598994
-0.299234 3.11332 -0.0438612
-0.600533 -3.96483 1.42354
1.17717 -4.46005 0.874433
-0.616212 -2.4295 0.851163
0.187397 -3.44611 -1.19349
-0.6173 -4.6421 -1.53399
-0.69366 -0.46534 -1.2148
0.671483 -4.892 -1.30858
1.45805 -4.67067 0.525991
-0.672128 -0.43052 -1.21988
0.551878 -2.56535 0.980097
-0.645531 -3.96808 0.497775
-0.528502 -4.68861 -1.57452
-0.248666 1.75077 0.0475768
0.15718 -0.434834 -1.42012
-0.454671 -3.08961 1.32945
-1.29392 -0.52408 -0.419901
0.125233 -1.47319 0.773375
-1.01165 -0.735747 0.617002
-1.2721 -3.02468 0.341976
-1.35651 -4.63764 -0.453272
1.01564 -4.27922 1.29528
0.815905 -4.81902 1.43023
-0.230035 2.50971 0.174693
0.411473 4.17554 0.0140865
-1.09432 -4.17159 -1.21592
0.452856 -4.02973 -1.58296
-1.2953 -0.374926 -0.357768
0.890583 -2.81114 0.770814
1.47906 -4.80463 -0.731645
-0.025119 -0.585537 -1.3496
0.176634 -0.269897 0.20569
-1.5079 -4.82253 -0.552293
1.0842 -4.30812 0.901843
0.688117 -1.25108 -0.356405
0.853509 -0.821891 0.41557
-0.342227 -4.83152 -1.58944
-1.01038 -4.61151 1.06697
0.860904 -2.71688 0.81528
0.245172 -4.78511 1.6559
1.21141 -4.5011 1.1265
0.532143 -3.07354 -1.23912
0.623424 -2.24232 -0.730074
0.288627 3.23526 0.142859
0.776505 -1.91046 -0.345266
0.520497 -4.74225 1.5968
1.03014 -4.03899 1.22747
1.17449 -4.85052 -1.14471
1.42553 -4.50279 0.125046
0.284293 3.49465 0.167556
-1.02163 -3.46339 -1.11639
0.879154 -0.891827 -0.107302
-0.626414 -0.545092 -1.20197
-0.949991 -3.07112 -1.02499
1.44725 -4.83294 -0.745621
0.863623 -2.63402 0.658817
-0.349362 3.50106 0.11594
-0.985145 -4.84873 1.22172
-1.08189 -2.63751 0.388306
-0.878842 -3.17075 -1.1153
-0.228545 3.30056 0.154915
-0.274909 -0.368899 -1.33693
-0.606588 -0.363398 -1.18481
0.756819 -0.462632 1.20322
1.12389 -2.60079 -0.23017
0.0222216 -0.20637 -0.28873
0.54376 -1.63871 -0.572025
-0.358766 4.68528 0.00374875
-1.1691 -0.682688 -0.145139
0.978329 -2.57071 -0.450518
-0.761853 -4.09245 0.549586
-0.642052 -1.52359 0.460215
0.0923363 -0.216806 -0.273164
0.271389 -4.56935 1.41525
0.548009 -3.62123 -1.39114
1.44766 -4.79637 -0.814648
-0.796731 -1.22321 -0.0372787
-0.294282 2.81034 0.100051
1.2462 -2.87515 -0.128747
0.256016 -4.76404 -1.65366
0.756902 -2.91511 1.03849
-0.653396 -2.76593 0.606759
-1.14363 -4.59078 -1.233
1.11335 -0.368262 0.694816
0.686488 -4.33796 -1.45561
-1.42196 -4.69792 0.849075
-0.373461 -4.72774 -1.61909
0.218428 -0.0265198 0.0519046
0.320448 -1.52654 -0.70793
0.350022 -4.84828 1.55233
-0.425191 -3.93992 1.55703
-0.942543 -4.17363 0.537348
0.685605 -4.25841 -1.06508
0.341268 3.52202 -0.0396167
-0.915502 -3.84943 -0.268524
0.128838 0.576238 0.221012
0.588654 -1.04917 0.58736
-0.322148 -4.78847 1.62705
-0.359895 3.48131 0.0503083
0.755746 -1.61145 -0.0630033
1.0034 -4.20457 1.27808
-0.676806 -1.90148 -0.561031
0.623166 -1.3372 0.404032
0.357899 -3.56707 -1.41587
-0.983179 -4.12288 -0.262796
0.157539 -0.412867 1.42521
0.157217 -0.23189 -0.259095
0.393043 -4.82237 -1.57535
0.262425 -2.80701 -1.23248
-0.448314 -3.89859 1.55483
-1.26304 -4.79631 1.06368
-0.826781 -2.5887 0.505254
-0.406999 4.22553 0.0597172
0.235751 -1.191 -0.779263
0.488486 -1.29441 0.597827
-0.684144 -2.1554 0.604393
0.383031 3.64331 0.0392898
-1.03811 -4.2557 -0.419247
-0.932063 -2.1509 -0.193426
0.099236 -2.37134 -1.05685
-1.39743 -0.403532 0.208141
0.276971 3.36886 -0.063743
-0.234348 -0.0953817 0.102899
-1.27105 -4.63333 -1.07528
0.55818 -0.413883 -1.27837
1.0097 -4.7656 -1.37212
1.10646 -0.679207 -0.119118
0.339244 -4.3635 -1.63724
0.45726 -1.18789 -0.654497
-0.301553 3.02984 0.116574
0.758267 -0.495538 -1.21683
0.179784 -4.80344 1.64505
-0.26494 4.8642 -0.0200239
0.346833 -0.375261 -1.35474
-0.860429 -4.77398 -1.42574
0.697826 -1.83653 -0.44695
-0.950778 -0.556814 1.10063
-0.573031 -2.52926 0.968159
1.224 -0.392489 -0.641544
0.107918 4.97454 0.0422912
-1.02476 -3.93759 -0.129995
0.842376 -0.906404 0.229635
0.351031 -3.45888 -1.4107
0.564068 -3.80429 -1.43194
-0.398566 -0.456056 -1.34314
0.88074 -2.7896 0.678246
-0.731483 -2.78749 -1.02505
1.59601 -4.70059 0.250402
-0.856378 -0.398419 1.10177
-0.494724 -0.415666 -1.29185
-0.356393 3.42349 0.100231
-1.60574 -4.71319 0.400601
0.80376 -0.641862 0.886715
-1.01432 -3.80569 -1.16981
0.235926 -4.17809 1.07561
0.686478 -4.85028 -1.42067
0.311402 -4.38428 1.20889
-1.53301 -4.34635 0.42859
1.4088 -4.21095 -0.0921311
-1.30801 -3.16265 0.33939
1.19524 -4.73386 -1.17465
-1.42333 -4.59738 0.704171
-0.697492 -1.38431 -0.329345
-0.394452 -4.26766 1.6299
-0.376774 4.05479 0.0963406
-1.3283 -4.12751 0.413108
0.514386 -1.53195 0.563993
0.549961 -4.10797 -1.56941
0.961943 -4.47924 1.3699
-0.982053 -3.76045 -1.18828
0.836234 -1.90289 -0.125702
0.430183 -0.387225 -1.34365
-1.00786 -0.790486 -0.20616
-0.714138 -0.909017 -0.565246
0.632216 -4.66425 1.55504
1.52335 -4.30539 -0.11894
-0.385799 3.8122 -0.0531455
-1.5933 -4.25865 0.347616
0.253437 -1.02517 0.833032
-0.279718 -0.440791 -1.37954
-0.103939 -2.47556 1.07633
-0.0978363 -2.00959 0.888733
0.299179 4.9029 0.018051
0.205597 -2.88728 -1.21093
-1.17921 -4.38577 -1.145
-0.733248 -1.50118 -0.241095
-0.66839 -2.41696 0.654494
1.00176 -0.69925 -0.496115
0.225322 -0.158749 -0.00620749
-0.918261 -3.74979 -0.317101
-1.10896 -4.78056 -1.23336
-1.41589 -0.436984 0.19671
-0.306035 -1.38372 -0.727263
1.13031 -2.62429 -0.0410059
-1.1082 -4.30798 -1.23718
-1.2823 -0.356146 -0.238344
-1.41641 -4.6961 -0.79794
-0.980097 -4.17135 -0.340639
-0.602155 -0.364046 1.18355
0.91527 -4.54162 -1.01877
-0.457315 -4.23155 -1.15404
-0.860389 -2.74957 -0.915934
1.22758 -0.353113 -0.433322
0.408468 4.14506 0.0608732
-0.837745 -1.05328 0.181016
-0.544617 -2.73603 1.10055
0.969858 -0.753652 0.287118
-0.00920832 -4.61222 1.63431
1.38534 -4.84612 -0.763392
0.412121 3.84528 0.0015215
0.0928312 -4.29728 1.18491
-0.358509 4.11708 -0.0527083
-1.30093 -4.31206 -0.0476205
1.34298 -0.369258 0.12786
-0.992225 -4.6972 1.3577
-0.233117 -0.148966 -0.0956476
0.471719 -1.67144 -0.638608
-0.193837 0.222337 0.192575
-0.933131 -3.10105 0.425303
-0.932499 -2.97216 -0.764768
1.24929 -0.578793 -0.214617
-0.307529 3.10034 0.125173
0.361637 -4.8635 -1.5033
0.533684 -1.05813 -0.646736
-1.06571 -0.422254 0.959281
-0.311875 -2.87939 1.27219
0.753438 -4.06431 -0.666691
0.404916 3.86372 0.116627
-0.005977 -1.75243 0.82045
0.881877 -3.00763 1.01096
-1.59515 -4.84136 -0.171165
0.992001 -4.54882 -0.926601
0.530889 -4.69967 -1.63628
0.760393 -2.85522 1.01904
-0.119581 -1.73418 -0.819964
-0.295655 -4.57934 1.68558
0.503403 -3.11496 -1.30133
0.97451 -0.354506 -0.929638
0.935113 -3.06618 0.901176
-0.391799 -4.09522 1.57894
1.2226 -0.424822 -0.671442
0.237219 -4.58319 -1.68831
1.02149 -2.53448 -0.40698
-0.677789 -1.46592 -0.370431
0.700707 -2.59477 -0.592152
1.12087 -4.88182 0.916816
-0.87595 -2.2033 -0.363949
-0.154787 1.67613 -0.136671
0.715526 -4.11607 1.1694
0.853299 -2.82983 0.363075
0.29988 -1.94675 -0.843259
0.21854 0.202002 0.00974709
-0.234896 2.09817 0.136051
0.835439 -0.530134 1.09518
-0.161943 0.785137 -0.139491
1.55489 -4.81993 -0.464384
0.187834 1.32983 0.168087
-0.0224255 4.49965 0.090687
0.350155 -0.255436 -0.561255
0.199043 0.676992 -0.0571029
0.491272 -3.84529 -1.54522
0.776251 -3.69199 -0.578823
0.0145735 3.53203 -0.069288
0.060687 4.53404 -0.0184145
0.247064 3.56411 0.163004
0.906354 -3.77385 -0.53893
-0.204367 0.506858 -0.0983576
-1.03835 -3.89744 -1.05722
0.800371 -2.13906 -0.47443
0.531422 -3.2086 -1.26884
1.13627 -4.93147 0.344321
-0.436878 -4.75708 -1.60573
-0.790534 -4.37093 0.953228
0.174253 2.59268 -0.112973
-0.300419 -3.30047 -0.969223
1.26844 -4.81273 1.0355
-0.530434 -0.647161 1.30713
0.220065 0.305571 0.0707093
-1.29268 -4.71088 1.02648
0.169008 0.31849 0.185222
0.783418 -3.7746 1.14972
1.10481 -4.93227 -0.26336
-0.340121 -2.12407 0.90772
0.24129 4.45892 0.103963
0.859085 -3.56754 -0.539255
-0.259286 -0.582661 1.45273
0.640621 -2.98036 1.04298
0.891389 -3.51875 1.16077
-1.31101 -4.93367 0.0950992
-0.0132996 0.688325 -0.18468
-0.83787 -0.805288 -0.561136
-0.0874649 -0.583667 -1.32651
-0.946996 -2.24384 0.32919
0.0703928 -0.346244 1.19547
0.211399 1.5914 0.127512
-0.022618 -4.91603 1.39575
0.0974552 0.204584 -0.166411
0.0638596 -3.46903 1.00013
0.160131 0.807136 0.198769
0.820558 -0.335879 0.86845
-0.245968 0.459966 0.0349877
-0.186493 -0.249685 -0.550239
-0.399765 -1.99883 0.795168
-0.689325 -3.79266 -1.10746
-0.203594 2.96939 0.17283
-0.0261243 1.52838 0.26618
-0.925073 -3.06693 -0.254927
0.275175 2.97154 0.142973
0.634008 -2.906 -0.673935
-0.172046 1.05159 0.211629
-1.46602 -3.52373 0.301451
-0.143525 2.70041 -0.127464
-1.15432 -4.95334 -0.226806
1.31292 -0.534207 0.0866676
1.31483 -3.98635 -0.405809
-0.882404 -3.47118 -0.538576
1.63438 -4.51949 -0.153028
-0.914533 -4.87475 1.2022
0.806933 -1.89197 -0.242508
0.660049 -2.49881 -0.639486
0.180833 1.58644 0.183581
-0.226609 0.265471 0.144547
0.730494 -0.284987 -0.51835
-0.175779 0.822584 0.205792
-0.387244 3.70412 -0.00609028
-0.244905 0.822611 0.0614804
-1.0151 -4.92195 -0.876134
0.996621 -3.51456 1.04389
0.218852 0.1125 0.0667538
0.716295 -0.620147 -1.06092
-1.02954 -2.3134 0.136911
-1.39266 -3.98511 0.132917
0.215072 1.8807 0.141975
-0.146093 -3.66107 1.1808
-1.03974 -2.75261 0.421765
0.129176 1.97673 -0.146211
0.288131 -3.14912 -1.30802
-0.29024 -3.18874 1.30606
-0.0377799 -2.44665 1.0258
-1.20381 -3.77562 0.0135511
-0.590647 -3.92758 1.03216
0.777807 -2.23136 -0.52928
0.275534 -4.92916 -0.160265
0.613682 -4.1266 -1.30157
-1.48351 -4.80458 0.707027
0.882664 -4.94135 -0.39866
0.884565 -2.26478 0.254177
-0.539822 -3.52653 0.816675
-0.75373 -4.3518 1.04237
0.224197 -1.98548 0.851614
-0.572924 -4.94479 1.07657
-1.1573 -4.91088 -0.794424
0.346462 -4.96353 0.9901
0.223971 2.12375 -0.0539193
-0.211795 1.7178 0.162367
0.572312 -0.271131 -0.0103361
-0.164865 -0.584499 -1.32296
-0.596969 -2.87609 0.709666
0.258611 2.59129 -0.0307274
-1.52582 -4.85777 0.42684
0.513937 -4.28084 1.17101
0.954415 -0.338614 0.78029
0.662642 -4.25556 1.20076
-0.226263 -3.33464 -0.964639
1.18661 -2.95863 -0.0305116
0.216599 -0.0914823 0.0901429
0.673455 -3.83219 -0.650272
-0.114544 1.05918 0.24579
0.178418 -3.82829 0.991099
-1.06844 -3.85035 -0.11868
-1.18412 -4.94777 0.196193
-0.236156 1.12432 -0.0364777
-0.709794 -2.14373 -0.681716
-0.145948 0.442638 0.222672
0.21654 -0.0553223 -0.00943244
0.0267189 0.70191 0.264237
0.237252 -0.855452 -0.938378
-0.266974 3.64674 -0.0802337
0.82033 -2.92101 1.01433
0.19328 4.90992 0.0706223
0.804598 -0.316485 -0.821616
-0.854589 -3.89163 0.434589
-0.241788 0.546946 -0.00116851
-0.329874 -0.590029 -1.27021
1.39503 -4.87408 -0.406639
0.159819 1.4923 -0.120811
0.264875 -0.296707 0.11466
1.63481 -4.76053 0.022273
-1.14108 -4.3639 0.579849
1.07421 -4.09586 1.12357
0.427703 -4.94921 -1.30088
0.31358 3.21118 0.0978349
-1.37926 -4.65685 -0.827596
0.156945 1.31174 -0.119766
-0.221237 1.2409 0.14986
0.212231 1.14499 0.113265
-1.37783 -3.38684 0.147954
1.15493 -4.85965 1.0501
-0.317998 -4.90786 0.202551
0.573201 -3.60636 -0.919415
-1.01347 -4.26659 -1.28713
0.202816 2.45775 0.182545
0.925166 -4.93453 -0.0932337
-0.821163 -3.25369 -1.11586
0.0238445 0.165914 -0.191532
0.0740421 -0.29109 0.498165
-0.910796 -4.16548 -1.23218
-1.31936 -0.452763 -0.433716
-0.929984 -4.93908 0.865253
0.79878 -0.797308 0.587812
0.581859 -3.11004 -0.817304
-0.595475 -4.95623 0.772642
-0.580565 -2.95806 0.760313
-0.297855 -0.341523 1.19974
0.00119435 4.74707 0.0832443
-0.824815 -4.95124 -0.663273
0.380861 -4.2387 -1.60424
-1.00733 -3.77052 0.416649
-0.183558 1.99764 -0.119482
-1.10858 -0.560053 -0.72683
0.851592 -4.9317 0.892373
-0.533972 -3.4132 1.37349
-0.365571 -0.262355 -0.673269
0.54392 -0.580768 -1.26269
0.000428291 -3.12163 1.02212
-0.193378 -4.98288 0.605478
-0.253861 -2.90092 -0.95441
-0.159593 0.020694 -0.147749
0.689943 -4.00501 1.13863
0.288488 -2.49191 -1.10287
-0.0931012 -4.35109 1.34625
-0.151846 -3.79188 -0.995605
0.381399 4.02992 0.140816
0.334345 -1.8455 -0.772743
-0.874951 -1.98373 -0.20454
-0.148839 1.53242 0.227663
-0.114539 1.74866 -0.159058
1.02792 -4.77249 1.31044
-0.672738 -4.23026 1.14648
1.5776 -4.47461 -0.031718
-1.12754 -4.60996 0.924653
0.603955 -4.93637 -1.18435
1.10582 -0.432453 -0.842032
-1.24516 -0.3616 -0.465841
0.860457 -0.498753 1.10887
1.06979 -4.9255 0.657554
-1.01873 -0.390815 -0.952319
-1.01246 -3.29459 -0.141402
-0.434013 -4.86324 -1.49853
-0.120211 -4.79195 1.66056
-0.516143 -3.42706 0.624725
-0.403712 -0.696655 -1.06159
1.11081 -4.10019 0.115672
0.583299 -3.74127 -0.893001
-0.991844 -2.34585 -0.158623
0.275653 2.65454 0.0263887
0.0365715 -0.811416 1.06953
0.12009 -4.56935 1.44772
0.844646 -3.3145 0.465463
-0.493224 -2.4788 -0.974025
-1.07267 -3.59861 0.407777
-0.549731 -2.59381 1.02349
-0.371099 -0.99443 0.824742
-0.310346 -4.92674 -1.33457
0.946898 -2.24996 0.131985
1.05155 -0.310517 -0.0818477
1.02865 -0.367052 0.849703
0.372408 -3.99671 -1.49083
0.471473 -2.76628 -1.17636
-1.07467 -2.44661 -0.0510827
1.07557 -0.341684 -0.709813
-1.01109 -3.40017 -1.02487
-1.17885 -0.438576 -0.743072
0.0906245 0.981009 0.248289
0.523286 -0.273485 -0.667069
-0.810277 -4.82655 -1.40083
-0.039613 -3.72597 -1.03972
1.37552 -3.42241 -0.346394
-1.44267 -4.85581 0.660006
0.692736 -1.71223 0.363985
0.389399 4.01764 -0.0226201
-0.225493 0.0234835 0.136631
-0.937864 -2.0709 -0.0193542
-0.913639 -4.84532 1.29411
0.101105 -2.38535 0.9221
1.03564 -3.61981 -0.47023
0.628119 -2.84284 1.03343
-1.51025 -4.7916 -0.528839
-0.417609 -4.94734 -1.19245
-0.408744 -1.27865 -0.683747
0.28112 -4.42225 -1.63474
0.952367 -2.98271 -0.470303
0.548506 -0.26813 -0.340853
-0.844493 -0.336273 0.843094
-1.09904 -3.1465 -0.0699554
1.23703 -4.30215 -0.530796
-0.317947 -4.55519 -1.40221
-0.0659662 -1.54054 -0.790081
0.00669481 -4.65874 1.67801
0.898412 -0.829936 0.249178
1.17655 -0.330568 -0.233432
1.09669 -0.326265 -0.500824
0.249567 -1.56353 0.746106
-0.864082 -0.331634 -0.926791
1.1791 -0.352104 -0.554273
-0.134157 -4.98282 0.606618
1.49612 -4.87153 -0.00337107
0.697237 -4.36332 1.26394
-0.560569 -3.6672 1.00153
0.726948 -2.12993 -0.549613
-1.44535 -3.71463 0.185997
-0.987055 -4.09556 0.487028
-1.20822 -4.53506 -0.499072
0.0995239 1.37138 -0.160485
0.606373 -0.343418 1.07865
1.00473 -4.05515 -0.549751
0.970538 -0.777502 0.108447
-0.762528 -2.10773 -0.586352
-0.683348 -1.55908 0.400486
0.192559 -4.97101 0.906846
0.81212 -2.75722 0.920537
-0.208943 -0.773839 1.14489
0.459021 -4.83705 1.54559
1.0004 -2.30657 -0.145447
0.710172 -4.60497 1.5077
0.224243 2.33066 0.150781
0.0941412 -3.8027 -1.14255
1.24715 -2.85213 -0.179612
0.283054 -0.300587 0.77627
0.006444 1.50521 -0.180975
-0.307345 -0.213201 -0.188064
0.198514 -0.311892 -1.20123
-1.3447 -0.492572 -0.326658
0.335218 3.44299 0.12631
-0.914409 -0.666097 0.986169
0.12285 -4.70903 -1.69671
1.26012 -4.27592 0.0620103
-0.206148 1.31736 -0.0817978
0.0246651 -0.386312 1.38523
-0.199772 1.0891 0.18697
0.326636 -1.68913 -0.729505
-0.84929 -2.08204 -0.373744
-0.930704 -2.74662 -0.258718
-0.0999564 -1.35075 -0.77858
-0.195832 2.6086 -0.123025
-0.609977 -4.01966 0.713673
0.945078 -3.42919 1.14705
0.210579 -3.18444 -1.21107
0.668493 -0.303304 -0.827129
-0.65493 -0.611234 1.27829
-0.861107 -3.7824 -1.16696
1.12761 -4.56554 1.24295
0.0261695 1.69073 0.265175
-0.659079 -0.290407 -0.730517
-0.534655 -1.47966 -0.576105
-0.531983 -4.94061 -0.593175
-0.30687 4.27783 0.0899734
0.691432 -4.8159 -1.48331
0.267788 2.59184 0.0697615
0.882534 -2.03829 0.128962
0.546063 -3.49176 -1.09438
-0.0652305 1.40289 -0.176437
-0.206724 0.83989 0.175131
-0.0858341 0.765997 -0.174056
0.714845 -4.80855 1.49426
0.225376 -0.350656 1.21869
1.62605 -4.7079 0.134613
0.166543 -4.96975 -0.437344
-0.621332 -0.697911 1.12912
0.86621 -2.67425 0.73812
1.25598 -4.48781 0.996612
1.10495 -4.87282 -1.12289
1.53012 -4.02047 -0.248425
0.0900323 1.78109 0.249625
-1.24726 -0.341181 -0.119074
-0.158004 2.05148 -0.137738
-0.232424 1.12076 0.137684
-0.653028 -0.776838 -0.801133
0.357426 3.46169 0.0350465
0.998532 -3.81624 1.19782
-0.541277 -4.05196 1.5468
0.647242 -2.53872 0.927142
0.328453 3.26427 0.0635665
-0.942768 -2.08374 0.0728405
0.994068 -4.51287 -0.868121
-0.425642 -0.339155 -1.20853
0.69293 -4.94587 -0.461859
-1.29272 -0.574052 0.515561
-0.959584 -2.24653 -0.177697
0.925922 -0.750229 0.435879
-0.182279 -0.617335 1.4038
-1.04852 -4.85304 1.17371
0.393432 4.37894 0.0204972
-0.252035 0.173737 0.0292222
0.237627 -2.94668 0.949062
-1.34184 -4.66841 -0.968717
-0.802476 -4.92912 -1.01145
0.272541 -4.95037 0.63998
-0.60191 -2.56967 0.913316
-0.550662 -3.18408 0.762405
-0.587942 -3.92336 0.803963
-0.630557 -2.98296 0.56021
0.590884 -2.71848 -0.801305
-1.63897 -4.64535 0.252975
-0.5295 -3.34035 0.706658
0.434753 -4.70272 -1.64153
-0.510309 -4.77362 1.60646
0.667258 -2.26268 0.758041
-1.26214 -4.93491 -0.422323
1.00016 -0.536047 0.92513
-0.253555 -4.89903 -0.0193887
0.226254 -4.86704 1.54137
0.0404115 -4.97465 0.999688
0.624047 -2.54847 -0.710322
-0.29965 4.00144 0.104396
-0.057834 1.77373 -0.17017
-0.364321 -1.78103 -0.76156
0.108794 -4.96346 -0.383573
1.05145 -2.65934 0.0783205
-0.0164416 -0.642313 1.34557
-0.72221 -4.79453 1.48537
0.19846 2.11921 -0.0975663
-1.34048 -0.460666 0.557769
0.192801 -4.97782 -1.02426
-0.557789 -3.52122 1.34674
-0.22805 2.00332 -0.0701741
0.110211 -0.295339 0.698681
0.902722 -3.20756 1.10545
-0.21738 0.428418 0.144533
-0.089311 0.619747 0.254594
1.14605 -4.91481 -0.750493
0.40323 -0.312893 -1.14458
0.879231 -3.43846 0.615248
0.153188 -4.69368 1.66885
0.176794 -2.38989 0.907389
0.360954 -4.69624 1.62812
-0.741724 -2.51641 -0.874829
-1.55405 -4.62274 -0.159945
-0.94315 -4.04242 -0.558912
-0.666216 -3.57623 0.388272
0.408122 -4.50948 1.33125
-0.229641 1.31369 -0.0221543
-0.76185 -4.72472 -1.50295
0.967221 -3.36852 1.09535
-0.961792 -2.16934 -0.107672
-0.36064 -2.6119 1.14045
0.920911 -0.688371 -0.690105
0.169677 0.581467 0.18192
0.0264506 -1.30934 0.789728
0.696954 -1.52994 -0.315785
-0.620022 -0.262132 0.161698
-1.33605 -0.383093 0.3998
-0.876069 -3.39425 -0.441147
-0.770476 -1.67725 0.234897
-0.563147 -3.69965 1.20128
-0.435373 -0.795547 1.0536
-0.916342 -3.58151 -0.696342
0.566299 -2.63535 -0.99152
0.155218 -0.340958 -1.31543
1.31909 -0.472299 -0.365132
-1.20157 -3.99574 0.423284
-1.42522 -4.90757 0.102628
-0.992936 -4.1691 -1.25231
-0.890106 -4.48023 0.94429
-0.932169 -2.84299 -0.835379
0.61853 -3.99012 -0.878514
0.553903 -2.76288 -1.07507
0.415148 -4.96639 -1.22952
-0.549924 -0.901017 -0.729108
1.08399 -3.85834 -0.474003
-0.503455 -3.61059 0.45815
-1.64155 -4.65818 0.0145516
0.820568 -4.47816 -1.08246
0.237512 2.88417 0.17023
0.418612 -4.00999 1.05925
-0.895036 -4.58154 1.27354
-0.218149 -0.214737 -0.299758
-0.300847 -1.27311 -0.736251
0.375155 -4.43439 -1.65404
0.151131 1.92474 0.21776
-0.258018 -4.05417 1.38032
1.15455 -4.81386 -1.20911
0.886287 -0.291797 0.127733
-1.25439 -4.86283 -0.915093
-0.569802 -2.94158 1.02946
-0.68771 -4.55121 -1.44681
0.608953 -2.88672 -0.731462
-0.270312 -0.344161 -1.2798
-1.26422 -4.55204 -1.0629
-1.4202 -4.53845 -0.166054
0.319763 -0.316493 0.936732
-1.4809 -4.70988 -0.484288
-0.343332 -4.25546 -1.15708
-0.9984 -0.73883 -0.422833
-0.238444 -0.253083 -0.636728
-0.954664 -4.09257 -0.543594
0.849779 -2.87729 0.421986
0.941931 -2.16686 0.0641844
0.5389 -2.55422 -1.0165
1.02004 -4.20382 0.824104
0.310318 -4.9408 -1.27351
-0.0304711 4.88915 -0.0110647
-0.348614 -0.317561 -1.13645
1.29129 -0.34282 -0.0550708
0.508594 -0.893416 -0.779155
1.17846 -0.583908 -0.518066
0.544529 -2.95269 -1.14544
1.31484 -4.5277 0.274024
0.517958 -2.44862 -0.978772
-0.254576 2.40178 -0.0510049
0.638515 -1.21694 0.417182
-0.153775 -0.05263 0.230592
-0.893425 -3.82731 -0.328464
0.881512 -2.85073 -0.497031
0.989213 -0.307446 -0.308398
0.707088 -4.93444 0.314085
-0.860979 -4.85466 -1.32899
-0.506984 -0.506587 -1.28606
1.60306 -4.65988 0.194932
-1.33836 -0.587345 0.0266626
0.822196 -2.18193 0.409559
-0.693936 -3.40481 0.402188
-0.0677827 -0.102873 -0.186114
0.302203 3.0407 -0.0188254
-1.05128 -4.46559 0.729442
-0.762709 -4.45236 1.44506
-0.294313 2.81409 0.0204029
-1.58052 -4.59934 0.527755
-0.708926 -0.681701 1.10974
0.0650769 -4.51909 -1.51633
-0.262693 2.31608 0.0446824
-0.414913 -4.96892 1.19865
-0.350746 -3.68559 1.42665
-0.689852 -2.80719 0.556943
0.973282 -2.69486 -0.45995
-0.739493 -1.16941 0.375398
0.730401 -3.81724 -0.609966
-0.274725 -4.72686 1.66544
-0.122677 -4.67508 -1.64281
-0.373338 -4.91894 -0.367214
-0.233896 1.01329 -0.0356142
-0.655323 -1.22549 -0.451086
-1.17254 -4.4976 -0.791019
-0.170895 1.33329 -0.127759
-1.03734 -3.65329 -1.05942
0.397021 -0.639149 -1.26353
-0.581311 -0.720142 -0.939065
-1.3379 -0.386743 -0.252589
0.312849 4.74724 0.00983873
0.491252 -4.97444 -0.968213
-0.0716061 0.940506 0.256743
0.3519 -1.28651 0.700613
0.25828 -3.3827 0.962283
-0.151863 1.9447 0.226287
0.189356 -0.285904 0.0142371
-0.0358828 0.655802 0.267434
0.742477 -1.3 0.000907264
0.435993 -0.723713 -1.03193
0.107682 -4.91895 0.0971301
-0.431342 -4.61722 1.65114
-0.615987 -1.75015 -0.554812
-0.953011 -4.95901 0.392709
-1.29841 -0.41763 -0.478723
-0.672898 -0.490243 1.31683
0.258746 -3.9314 -1.31772
1.14731 -0.447398 0.746051
0.0571311 -2.61716 0.964017
-0.480876 -3.41241 1.43011
0.0910766 1.97107 -0.15393
0.767952 -4.91405 -1.18674
-0.553351 -3.3906 0.967039
1.30433 -4.91312 -0.196082
-1.15587 -0.480285 -0.764393
0.237601 2.08091 0.0921348
1.60117 -4.78535 -0.335671
-1.3306 -0.362358 -0.0458816
0.114434 -0.36486 -1.38222
-0.365824 -2.65756 -0.958663
0.375652 -0.928977 0.83943
0.354171 -1.64787 0.709265
1.47733 -3.68145 -0.272649
-1.07345 -0.395935 -0.893653
0.0342189 1.52338 0.265493
0.481084 -3.65975 -1.50265
-0.280188 -3.8146 -1.00115
0.570251 -2.50017 -0.945283
-0.462058 -2.10363 0.813317
1.16223 -4.83938 1.1131
1.24304 -4.40882 0.20243
-0.459635 -1.63551 -0.666217
-1.09104 -4.38544 -0.514752
0.329975 -4.98493 -1.10133
0.541618 -3.26954 -1.13207
1.389 -4.45177 0.0963899
-0.368763 -1.11272 -0.739997
-0.0861298 0.950776 -0.175093
1.23225 -4.44061 -0.628428
0.152239 -1.19834 -0.777265
-0.267051 2.71583 0.147526
0.542433 -0.371275 1.23598
-0.22495 -2.51857 1.11172
0.0752124 0.590823 0.254911
-0.638894 -0.985607 -0.590272
0.336263 -0.960019 -0.817953
0.861787 -3.30389 1.13282
0.686199 -4.46192 -1.55871
-1.18255 -4.80666 -1.14197
0.85913 -4.57272 -1.4416
-1.32647 -0.578415 -0.183332
-0.142056 -4.08394 -1.07184
0.173266 0.043445 0.177922
-1.37652 -3.92952 0.37238
0.936518 -3.10217 0.975001
-0.652026 -4.92922 0.0904381
1.03045 -4.52855 1.3304
0.794625 -1.05685 -0.132784
0.850564 -2.55614 0.557
-0.208595 1.00933 -0.0878001
0.059811 4.87628 0.0754127
-1.59158 -4.83246 -0.249671
1.08459 -0.691603 0.0481887
0.587712 -4.01316 -1.30225
0.706855 -1.15282 -0.360363
-0.26806 -3.83936 1.34552
-1.15108 -0.635413 0.702994
-0.259888 3.48793 -0.0912537
0.724952 -0.939 0.483982
0.612062 -1.57456 -0.480286
0.719616 -4.32266 -1.09017
-0.304232 -4.79177 -1.6308
-1.06848 -4.38205 0.632067
0.664394 -4.23887 -1.16359
-0.174645 -2.46651 -0.939059
-1.14331 -3.35823 0.394843
1.22868 -0.576047 -0.37881
0.832142 -2.36176 0.457493
0.433432 -4.63224 -1.65461
-0.882406 -3.86165 -0.411994
-1.40562 -4.23102 0.0851961
-0.239052 1.50936 0.0933838
0.885384 -4.88413 1.22156
1.04109 -4.2852 0.464212
-0.332511 -4.99582 1.02171
-1.102 -4.42169 -0.657622
1.2904 -3.75326 -0.392118
-0.56698 -1.14627 -0.596245
0.974267 -4.92306 -0.959468
1.39129 -3.77694 -0.158777
-0.045971 -4.46615 1.40998
-0.291093 -0.27087 -0.851304
-0.877318 -2.98642 -0.424629
0.178808 3.25915 0.178348
0.283765 -3.04045 -1.29102
-1.34604 -3.10773 0.138787
-0.988201 -4.95846 -0.324749
0.0174401 2.59643 -0.121551
0.834288 -4.44151 1.36708
-0.827217 -2.53226 -0.804596
0.886628 -3.81677 0.311998
-0.500199 -0.464101 -1.30332
-0.77045 -1.47134 0.0887603
-0.987827 -3.55022 -1.1652
0.575435 -4.93019 -0.206988
-0.736315 -1.27304 0.320136
1.08178 -4.86113 1.14118
-0.709881 -1.24965 -0.34005
0.648727 -3.96906 -0.739006
1.54941 -4.70457 0.392873
-1.6045 -4.24403 0.293683
-1.25807 -4.94371 -0.269776
-0.718549 -4.22983 0.853159
-0.491498 -4.90048 -1.38057
-0.0992336 1.18662 -0.168451
1.03754 -4.91486 0.843226
0.341859 4.28506 0.127348
0.460414 -1.79252 0.6781
-0.511059 -0.370443 -1.25005
0.802931 -1.04549 0.0165184
0.332791 -2.31813 -1.01619
-0.235516 0.456321 0.102407
-0.905587 -3.76435 -0.397168
-0.564277 -3.09733 0.674256
-0.98289 -3.11893 -0.17822
-0.613084 -4.94985 -0.988237
-0.963854 -4.71812 1.38628
0.86852 -3.49223 0.267609
0.415122 -3.21772 -1.38787
1.115 -4.41391 1.23299
-0.136507 -4.71706 -1.66125
-1.1596 -0.355438 -0.643387
0.641287 -3.16692 -0.65907
-1.14796 -4.50294 0.702713
0.410345 -0.395499 1.34213
0.643076 -4.21668 -1.29843
-0.0484586 -4.97451 -0.897783
1.43202 -4.06482 -0.378348
0.836045 -4.56879 1.45121
0.890286 -4.16621 -0.640415
1.41798 -4.36271 -0.0117385
-1.24611 -4.50812 -0.337701
0.245777 -1.40066 0.741411
-0.153262 -2.72087 1.14616
0.360719 4.22982 0.116157
0.114321 -0.0740531 0.231596
1.05093 -2.63959 -0.415702
-0.957999 -3.83382 -0.820503
0.777879 -4.77757 -1.49375
-0.821214 -3.74668 0.407259
-1.2763 -3.08266 0.0748537
-1.58428 -4.77327 -0.313939
-0.158536 -3.30313 -0.969693
-0.201937 -1.11828 -0.797581
1.07879 -0.385041 -0.843664
1.25568 -0.373759 -0.477795
-0.234471 -0.223244 0.400915
0.481593 -4.81686 -1.57952
-0.937926 -0.343378 -0.936675
0.684462 -1.68401 -0.393126
-0.22132 2.60517 0.181217
0.160228 2.66422 0.215128
-0.136838 -0.311712 -1.17774
1.20527 -0.420077 0.602592
-0.0919294 -0.347187 -1.3302
-1.51361 -3.79234 0.244504
-0.257921 -2.24091 0.973716
-0.249855 1.86475 0.073902
-0.393715 -0.728896 1.25439
0.69324 -2.46247 0.849303
1.10992 -4.75632 1.23969
-1.60622 -4.84418 0.0626623
0.153726 1.58721 0.213777
-0.764624 -0.439595 1.22997
-0.531791 -3.06989 1.24408
-0.343308 -4.96531 -0.976894
-0.693132 -3.2539 0.430497
0.394759 -0.262255 -0.170708
-0.416855 -0.546272 -1.29516
-0.154903 1.05649 -0.142021
-0.816301 -4.94718 -0.185779
-0.623562 -1.66957 0.50499
1.50365 -4.85151 0.41615
-1.38141 -4.91305 -0.382195
0.632835 -2.31487 -0.714115
0.859471 -0.729067 0.632013
0.347804 -0.529876 1.38816
0.43662 -1.37418 0.631435
-0.764901 -4.89244 -1.27027
-0.32063 -4.83048 1.58551
1.52894 -4.0719 -0.356889
-0.805724 -4.21625 0.655768
-0.9027 -2.28998 0.439794
0.212999 0.589193 -0.0118418
-0.339815 -4.26099 1.60533
0.892688 -4.5781 -1.37881
1.09013 -4.83554 1.20014
-1.1584 -0.388721 -0.756606
-1.10266 -4.37087 -0.432532
-0.869104 -4.73451 1.44778
-0.221675 -4.27286 -1.17102
-0.403764 -0.756899 1.19051
-1.14318 -0.422763 0.885228
-0.745666 -4.95454 0.826286
-1.27488 -0.423597 0.659055
0.75287 -2.8221 -0.559106
0.663844 -4.76394 1.54056
0.860143 -3.74153 0.457269
0.118842 -0.305133 0.887931
-0.754946 -0.950283 -0.469435
0.127351 -1.33288 0.778451
-0.083217 -0.263786 0.474462
0.788158 -0.997218 0.242987
-1.48542 -4.85772 0.543775
0.408503 4.24577 0.0216946
-0.24241 0.734796 0.114375
-0.0543921 -0.24396 -0.545502
1.26945 -4.39971 0.159456
-0.799105 -2.06968 -0.489884
-0.463252 -0.27852 -0.756435
-0.232457 0.448536 -0.0575079
0.242381 2.66985 0.1604
0.189712 3.24497 -0.078861
0.210625 0.711255 0.0951874
-0.0415314 -2.14204 0.934639
-0.0208544 -4.28877 1.23986
0.304319 -1.37306 -0.707913
-0.629614 -0.90373 0.754367
-1.35059 -0.498613 0.518226
0.727495 -1.36457 -0.184677
0.123762 -1.57259 0.78075
-1.09099 -4.39394 -0.740697
0.446651 -0.384709 1.30387
0.862618 -3.0656 1.06615
-0.113062 -4.85008 -1.57558
-0.427839 -4.96341 0.943727
0.100278 0.452457 -0.162946
0.182242 2.09949 -0.113426
-0.872467 -0.839442 0.568005
-0.855763 -2.2572 -0.491523
0.769975 -0.949555 -0.40072
-0.288661 -4.17439 1.46585
-0.755363 -4.50861 -1.40375
0.821548 -4.51854 -1.27291
-0.699949 -2.38917 -0.844576
-0.924789 -2.87 -0.90866
-0.0301813 1.03782 0.265401
-1.06183 -4.66103 -1.30823
0.59865 -3.9918 -1.08225
-1.33337 -4.54974 -0.278459
0.551213 -4.64797 -1.64024
1.49068 -4.49303 -0.575581
-1.52911 -4.849 -0.412723
-0.917047 -3.09767 -1.07445
0.162286 1.27914 0.201458
1.12345 -4.69794 -1.22952
-0.641703 -4.00636 -1.121
0.381839 4.32109 0.0923724
0.0421636 -2.2846 0.951647
-0.756784 -4.32806 -1.25142
-0.305031 3.18733 0.138322
-1.10176 -4.45964 -1.2696
1.48771 -4.6444 -0.752764
-0.255397 -4.13439 -1.08686
-0.6147 -2.48714 0.857234
-0.240308 1.26001 0.0232391
-0.563018 -0.322427 -1.08358
0.689695 -1.00948 -0.494087
0.994068 -0.318517 -0.627303
0.729416 -0.436821 -1.22478
-0.882442 -3.9652 -0.383972
0.683646 -0.806613 -0.737967
0.911319 -3.9148 0.634341
-0.572976 -4.3668 -1.23837
-0.353636 -4.35921 -1.22021
0.652779 -2.11461 -0.636656
0.133789 -1.21262 0.798294
-0.43705 -0.766881 -0.94052
-0.376418 -0.95875 -0.800042
0.613805 -3.02014 -0.712801
0.169533 0.486187 -0.108154
-0.240359 -0.0654532 -0.0245535
0.393007 -3.45824 -1.4407
-1.20299 -0.589797 -0.463514
-0.58813 -4.76073 1.58408
0.20143 0.200697 0.132534
0.339675 -0.593321 1.30686
0.111675 -4.04148 -1.19762
-0.871795 -0.998015 0.0637703
-1.40629 -4.83553 0.776832
0.0288793 -0.277408 0.388375
0.760925 -1.13926 0.142033
-0.913854 -2.87271 0.449524
0.0592619 -2.92459 0.983849
0.0729964 -0.0741614 -0.178838
0.298766 -0.609334 -1.30311
0.933732 -2.33151 0.184822
-0.495897 -3.74775 0.525607
-0.309198 -1.46618 0.708548
-0.739155 -0.361736 1.0734
-0.806659 -0.949602 -0.380847
0.255177 -1.00743 -0.833665
0.0272173 -4.96827 0.658725
-0.428691 -3.68701 1.50607
0.780252 -4.76321 1.48515
-0.822477 -4.47971 1.09497
0.194829 0.228463 -0.0663517
0.804895 -4.84632 1.40158
1.17008 -0.367745 0.552089
0.782912 -0.730467 -0.78163
-0.240775 1.68558 0.0996185
0.218857 0.625463 0.0299737
1.5249 -3.92746 -0.297053
0.730614 -0.878937 0.560076
-0.152027 -2.23861 0.977731
0.991066 -0.768717 -0.0555603
0.717956 -3.59117 -0.600484
-0.51298 -1.93309 -0.733231
-0.251328 1.96478 -0.0159453
-0.546636 -3.7304 0.774361
-0.959883 -3.03908 -0.955183
0.242152 3.21831 0.174133
0.885835 -2.75991 0.273125
-1.06263 -2.37871 0.0549126
-1.00737 -4.79993 -1.30648
0.212232 3.14684 0.18655
1.32114 -0.350476 0.00362442
-0.765482 -4.59361 1.52117
-0.0172767 -1.06128 -0.830583
-0.242491 2.31934 -0.0607264
0.502264 -0.805489 0.891107
0.649757 -1.1653 -0.4592
-1.55072 -4.02791 0.244161
-0.680523 -4.24272 -1.19162
0.856418 -0.864589 -0.329844
1.0697 -2.47629 0.001128
1.50271 -4.85083 -0.299126
-1.37294 -4.34548 0.478407
0.756331 -2.97844 -0.559984
1.30489 -0.381287 -0.407476
1.12583 -0.62506 0.383227
-0.808405 -3.98989 0.47064
0.689449 -4.40315 -1.53985
-0.187447 2.22239 0.206142
1.15422 -4.00073 0.0401183
-0.0110842 -1.28992 -0.782957
0.168104 -2.84135 0.946748
-1.08254 -4.34883 -0.824038
0.199788 0.462904 0.131299
-0.623241 -1.9432 0.596811
-0.17658 0.265956 0.210359
-1.48743 -3.62598 0.246159
0.189234 -2.68322 -1.17266
0.25224 3.34842 0.179278
-0.781137 -1.3166 0.070404
0.208626 -3.36528 -1.20006
-0.961401 -4.47562 -1.35945
0.231446 2.55111 -0.0817068
-0.378636 3.66206 0.0750758
-1.2269 -0.514754 -0.586102
0.535144 -1.02429 0.65779
1.47115 -4.7596 -0.797975
-0.346678 -4.96729 0.732913
1.19414 -0.532437 -0.626073
0.449653 -3.88348 -1.54536
0.892687 -4.81884 1.38534
-1.33483 -4.66019 0.878423
0.198683 -4.47616 -1.60545
0.0346391 -0.298016 -1.09753
-0.412498 -0.411029 -1.32773
1.03074 -4.93659 0.197333
0.734791 -0.573726 -1.14712
0.57623 -2.36306 -0.869487
-0.999497 -0.82674 0.162192
-1.30937 -4.78594 1.01574
1.6071 -4.56999 0.028161
-0.414511 -2.24644 -0.921788
-0.914459 -3.55491 -0.281267
-0.138179 -4.13001 1.26394
0.397086 4.28974 0.0624333
0.199726 -2.98225 -1.19971
-0.328504 -3.52366 1.37971
-1.53759 -4.83903 0.490867
-1.56843 -4.31275 0.395755
0.735576 -1.45992 -0.0118012
0.677313 -0.340584 -1.1149
-1.04889 -4.65989 1.19739
-0.440311 -0.237681 -0.089044
-0.246398 0.173959 0.089593
-1.21629 -4.30108 0.513475
-0.369719 -4.04453 1.52332
-1.53356 -4.6145 0.637224
0.720179 -1.08934 0.339162
-1.30821 -2.96407 0.245711
0.110544 -4.66603 1.65346
0.916116 -3.78258 0.706598
0.0696378 1.4584 -0.172261
0.429983 -4.15177 1.09609
-0.899191 -3.77766 -0.513123
-0.318218 4.49341 0.0736625
0.905664 -0.789735 -0.406102
-0.307946 -4.92535 1.3769
0.526418 -0.267273 -0.526121
-0.327407 -0.265575 0.816944
-1.60691 -4.66553 -0.141029
-0.0745555 -3.83085 1.12811
1.1291 -0.492063 0.758776
-0.568664 -2.14811 0.759959
0.45632 -3.14281 -1.34972
-0.13195 -0.208714 -0.265127
-0.121161 -0.423918 -1.4078
-1.50992 -4.68131 0.712963
-0.795104 -0.483179 1.2392
1.07635 -4.13832 1.19666
0.774578 -4.25481 -0.809883
-0.951061 -4.05509 -0.257
-0.00159659 1.16337 -0.183072
-0.198826 0.34443 0.188899
1.0398 -4.86714 -1.17548
0.186576 -0.805706 1.04348
0.411769 -2.43175 0.954182
-0.346602 3.35977 0.0520473
-0.308725 -1.56521 -0.738091
0.370395 3.61312 0.0854301
-0.679613 -4.8311 1.45632
-0.935155 -4.30772 -1.28995
-0.992367 -4.56157 -1.35931
0.460754 -1.54351 -0.626405
0.453942 -2.89252 -1.24849
1.58881 -4.83127 -0.143744
-0.175989 -4.93616 -0.518668
-0.2895 3.00685 -0.0570385
-1.1277 -4.23687 -1.16952
-1.16705 -2.678 0.00794275
0.834156 -0.570162 1.0268
-0.373425 -2.91594 1.28799
1.2923 -4.78505 -1.07484
-0.970353 -4.01917 -1.22057
0.553311 -3.66466 -1.12599
1.35282 -4.74707 0.944467
1.18004 -0.400303 -0.731437
-0.934187 -0.318941 -0.640559
-1.21714 -3.43352 0.0329296
0.867438 -3.21347 0.272065
0.760238 -2.42646 0.757055
-0.474358 -1.42467 -0.626922
-1.02972 -3.63928 -1.12445
0.195085 -0.781735 -1.01748
0.116604 -0.228598 -0.537569
-0.158477 -0.860512 1.02381
-0.97932 -3.88021 -0.174559
-0.262588 -1.98632 0.869218
-1.05027 -3.98024 -1.07214
-0.617786 -0.393915 -1.21635
1.00078 -2.39426 0.098977
1.17956 -0.441872 -0.743887
0.641689 -0.672676 0.988583
-1.06783 -4.31702 -1.276
-1.02102 -2.34188 -0.0993981
-1.00723 -2.60127 0.431199
0.436907 -1.97054 0.768393
-1.5248 -4.82952 -0.477667
0.329226 -4.2134 1.09944
0.249648 2.78452 -0.0812449
-0.311612 -0.420415 1.44228
1.60376 -4.61817 -0.432259
-0.100946 -3.95668 -1.03882
0.629752 -3.81064 -0.70406
0.944213 -2.62691 0.187234
-1.24427 -0.389149 -0.571711
-1.11465 -4.15134 -0.162414
0.0275643 -3.9523 1.05766
0.752772 -1.77902 -0.294309
-0.283102 3.55068 0.132706
-0.414177 -1.29663 0.664633
0.360919 3.64055 -0.0316303
0.365586 4.08685 -0.0211163
-0.168199 -4.49215 1.58909
0.241851 -2.06517 -0.914061
0.876395 -4.84753 1.35578
-0.66729 -3.8386 0.421818
1.028 -4.03364 0.187442
-1.36308 -3.35185 0.33575
0.282833 -2.01178 -0.882683
-0.402276 4.10078 -0.00704383
-1.20741 -4.45981 -0.987125
1.23874 -0.594952 -0.0926017
0.724312 -0.35843 -1.14853
-1.16254 -4.46215 -1.20379
1.48162 -4.58618 -0.701417
0.835369 -2.46223 0.628511
1.15089 -2.63848 -0.0930282
-1.03136 -4.94885 -0.593696
0.278825 -4.81245 1.63869
0.592475 -0.304704 0.652964
0.549562 -1.65471 0.549549
0.781652 -0.385496 -1.1683
0.430299 3.984 0.0787522
0.886299 -3.63768 0.252749
0.544521 -3.8063 -1.50682
-0.904628 -0.864039 0.410128
-0.589816 -1.31828 -0.518543
-0.9293 -0.795128 -0.419611
-1.37199 -0.377169 0.180982
0.549813 -1.15441 -0.592252
-0.353209 -0.812279 1.11132
-0.324999 -0.547217 -1.31876
-0.432295 -4.14484 1.60365
-0.539416 -3.86037 0.60746
0.185821 -0.51641 1.44232
1.2158 -4.50314 0.415468
0.329862 -4.25252 -1.56879
-1.56326 -4.86672 0.128696
-0.189041 0.500118 0.190044
-0.766879 -2.11413 0.501076
0.449564 -0.541231 -1.34507
-1.00391 -4.81573 1.26531
0.0882826 -2.09756 -0.943242
0.906326 -3.60197 0.705447
-0.578683 -4.95239 -0.836829
-0.355157 -0.307353 1.03651
1.2976 -0.360659 0.174148
-1.63055 -4.72057 0.272733
0.20698 0.169059 -0.03805
-0.701858 -0.638788 1.20336
1.06933 -4.19276 0.243201
1.46449 -4.83351 -0.625412
-0.108213 -1.20999 -0.791294
-0.538718 -1.69608 0.58826
-0.563916 -3.71763 1.40107
0.0848075 -0.345757 -1.34058
0.497582 -4.86145 -1.52315
0.00214212 -0.0808179 -0.19213
0.729118 -1.31469 0.100398
1.13711 -2.78198 -0.38411
0.762002 -4.45062 -1.27488
-0.230474 -0.10054 -0.0609487
-0.0542315 -0.208658 -0.286677
0.752814 -4.37394 -1.06991
0.810985 -0.426077 1.16362
0.10777 2.49219 0.218402
-1.49512 -4.85415 -0.513982
-0.833101 -4.52655 1.22841
1.05443 -0.4818 -0.917816
-0.699836 -1.36776 0.374094
-1.23039 -0.630281 0.504717
-0.1453 -4.44448 1.49323
-0.138036 3.59143 0.141106
-1.05907 -4.19989 -1.25951
0.306145 -0.429215 -1.39044
-0.57186 -2.52023 -0.975543
-1.01984 -0.392884 0.949106
-0.41952 -0.590917 -1.244
-1.1732 -0.592466 0.777403
-0.876501 -4.41711 -1.34297
-0.435401 -4.44846 1.64675
0.75386 -2.57837 -0.552996
0.0790717 0.155745 0.251865
0.596284 -1.05876 -0.586012
-1.39502 -0.457447 -0.169959
-1.42368 -3.33535 0.304931
0.921193 -0.422354 -1.08277
0.539691 -2.36723 -0.913812
-1.43507 -4.66199 0.797517
0.287563 4.82871 0.0825123
0.771697 -2.18813 0.554793
0.206785 -3.55889 -1.22127
-0.621788 -4.75036 -1.55781
-0.746548 -4.8655 -1.35388
-1.3364 -4.92185 0.311075
-0.519485 -2.65908 1.08087
1.45124 -4.8351 0.668651
-1.37643 -4.3039 0.0299223
0.840618 -3.51344 0.405676
-0.120982 -2.59328 1.10872
0.746052 -4.93023 0.00679663
0.414919 -4.76701 -1.62347
-0.883596 -2.42584 0.48026
0.440045 -0.864775 0.859033
-0.474518 -1.5678 0.618107
-0.101779 4.11646 -0.0439615
-0.100193 2.11974 -0.152995
-0.289456 -0.252165 0.610787
-0.510079 -3.56003 0.637593
1.16928 -0.394404 0.652648
0.903137 -4.46221 -0.906624
1.61657 -4.4006 -0.317827
-0.301116 -1.91796 0.837006
0.158484 -3.2068 -1.15614
-1.26207 -0.577702 0.603333
1.09058 -0.527654 0.785359
1.34089 -4.63341 0.958837
0.731855 -4.65252 1.52117
-1.24328 -0.483633 -0.598014
-0.239725 1.41128 0.0881847
-0.872567 -0.459444 -1.0894
-0.565849 -2.65661 1.04162
0.194998 3.03196 -0.0893358
-0.789646 -1.98583 0.409218
-0.265134 3.40529 -0.0857424
-0.0450289 -1.24957 0.798469
-1.00786 -4.74879 -1.33538
1.21481 -4.54481 0.583894
-0.552179 -2.45435 0.949582
-1.01792 -3.53702 -0.136582
1.2348 -0.503336 -0.584384
-0.695733 -2.85307 -1.05052
0.303308 3.06439 0.0944139
-0.754428 -2.44891 0.547761
-0.65618 -4.1182 0.796387
-0.907997 -2.66738 -0.708824
0.246992 -1.28206 0.753414
1.28887 -4.5215 -0.681965
0.829443 -4.34404 1.29633
-0.111248 -4.96887 -1.03372
0.979298 -3.96649 0.872653
-0.130801 -2.44888 -0.949976
-1.40227 -0.426534 -0.0529287
1.09335 -4.93166 -0.610801
-1.18123 -3.15122 0.000261083
-0.925403 -4.95127 0.0682175
-0.409154 -1.72728 -0.721385
1.05372 -2.41798 -0.0616791
0.191559 -1.08296 0.824767
-0.0174571 -2.35554 0.997339
-1.15108 -4.36543 -0.30671
1.04267 -3.26126 0.0815523
-0.12804 -4.56392 1.66202
0.559812 -2.85704 -0.977848
-0.145228 2.4843 -0.137011
1.25958 -0.546933 0.304964
0.157766 0.156464 -0.122485
0.400225 -3.00632 -1.32829
0.335078 3.30471 0.0128678
1.03463 -4.28208 0.739922
-1.63718 -4.49593 0.168642
0.870824 -4.92567 -1.03153
-1.03263 -4.17134 -0.239455
0.803738 -4.62233 -1.51999
-0.839235 -4.16983 0.57897
0.747132 -1.62764 -0.172247
0.00862074 0.201578 0.269597
0.691774 -1.38006 -0.314182
-0.19918 -0.675184 -1.15579
-1.59056 -4.31464 0.180031
0.150836 2.1824 0.222127
-0.897447 -4.03148 -0.47485
0.220035 -0.367889 -1.36689
0.272387 2.85311 0.124023
0.956048 -4.28308 1.30206
-0.660258 -1.66719 -0.460427
0.306464 -3.83841 1.00617
0.813688 -2.2544 0.48994
-0.039656 -4.40599 -1.31849
1.00353 -4.16004 0.330743
1.05593 -4.61171 -1.03076
-1.39051 -4.76391 -0.881971
-0.838652 -1.80742 -0.0190901
0.897179 -4.78714 -1.42034
0.928038 -4.2042 1.26401
-1.22444 -3.58731 0.385937
0.283806 -0.859555 0.946462
0.19084 2.81233 0.198327
0.095603 -2.78526 -1.09863
-0.174203 1.70509 0.206285
-1.34059 -0.418281 0.510167
0.574324 -3.86991 -1.47307
-1.43331 -4.8577 -0.589022
0.833445 -0.293878 0.358439
-0.237135 2.08575 -0.0638467
0.48277 -2.42109 0.949101
0.948964 -4.09199 0.64462
0.555067 -2.1711 -0.784483
-0.298703 -0.38445 1.38565
1.00485 -4.08602 0.250938
0.800083 -4.75063 -1.49926
-0.337179 3.34964 0.113672
-0.878559 -4.82207 -1.37796
-0.451034 -3.38705 1.43524
-1.03108 -4.87659 1.11908
-0.2609 -2.99755 1.26408
1.08914 -0.411957 0.85591
0.369628 -0.487094 -1.3795
1.03148 -4.80424 -1.32743
-0.610469 -3.57315 0.391878
-0.791721 -0.921985 0.535588
1.51972 -4.75146 0.508697
-0.272565 2.4369 -0.00138041
0.224649 -4.96044 -1.16204
-0.373945 4.49588 -0.0138971
-0.280712 -0.247964 -0.497593
-1.60843 -4.72038 -0.202254
0.379008 4.34479 -0.00328796
-0.157624 -3.96462 -1.02614
0.557231 -3.27089 1.0283
-1.38495 -0.538006 0.114121
-0.141043 -0.125565 -0.156993
-0.327633 4.53606 -0.0331427
-0.590493 -2.45638 0.911364
-0.21344 2.29851 -0.0977351
0.122253 -2.32198 -1.03954
-0.0994564 -0.9256 -0.896498
0.618931 -0.96831 0.608031
0.959128 -0.408202 1.01967
-1.44876 -3.60993 0.191582
0.305737 4.70567 0.00344479
-0.676311 -4.17911 0.90759
1.19587 -4.52171 0.728875
0.580483 -2.87642 -0.835197
0.945079 -2.34549 -0.401266
-0.757293 -0.987695 0.501096
-0.248812 2.79388 -0.0872215
-0.990824 -4.9518 0.640599
1.172 -4.61464 -0.937823
1.29017 -4.59432 0.663786
-0.034048 3.36992 0.160433
-0.558542 -3.59639 1.34013
-1.05085 -4.20691 0.521424
0.181782 -0.0685903 -0.094253
0.3702 -4.55703 1.39298
-0.714494 -4.94405 0.248484
0.317976 3.17865 0.0404686
0.861436 -2.19509 -0.421212
-1.3902 -0.447784 0.393105
-0.288852 -2.7394 1.2135
-0.539747 -4.32463 1.60258
0.177364 -0.545822 -1.3917
0.806599 -4.51308 -1.44749
1.56092 -4.1415 -0.25775
-0.520159 -1.85332 0.647559
-0.341092 3.70909 0.11975
-0.835891 -0.615417 1.14801
-0.385137 -3.90371 1.50597
1.00632 -3.34398 -0.464276
-0.527517 -3.39992 0.488092
0.323387 -4.12316 -1.49213
-0.415192 -2.595 1.10755
0.335365 3.36658 -0.0153591
-0.0561496 -2.84404 1.05296
0.285952 -4.99547 -0.937031
0.299973 3.67398 0.162131
0.688814 -1.5394 0.272244
-0.702671 -1.74043 0.418159
1.49851 -4.8774 0.15019
0.312412 -3.30221 -1.33157
-1.49413 -4.30292 0.110162
1.1759 -4.36597 1.08253
0.0482031 -4.82607 -1.62576
-1.43923 -4.69982 -0.663085
-0.255906 3.22394 -0.0958374
-1.48759 -4.83856 0.621835
0.84642 -2.35567 -0.502839
-0.24494 -0.083895 0.0434016
0.090465 -0.514533 -1.41271
-1.61553 -4.33141 0.23577
0.180221 -2.54544 -1.12803
-0.651828 -4.20775 1.26548
0.191813 2.90724 0.191289
-0.487562 -4.08057 1.58044
-0.759804 -2.89066 -1.05745
-0.15151 -4.59319 1.68881
-0.807945 -1.05468 0.308482
-1.35098 -0.381813 -0.204983
-0.217668 4.99404 0.0301351
0.489184 -4.69554 1.59654
-0.349001 4.01612 -0.0595345
0.275754 -1.12944 0.780422
-1.47303 -3.87429 0.191174
-0.826039 -0.878318 -0.454364
-1.31511 -4.90587 -0.589616
0.321276 4.88705 0.0340866
-0.118378 -4.54267 -1.42859
-0.832443 -4.53652 1.41443
1.40932 -4.59254 -0.752922
-0.956326 -4.07474 -0.671672
0.510202 -1.38361 0.563255
-0.798018 -0.397936 1.14031
0.00728704 -2.5868 0.993844
1.49135 -4.69746 -0.768333
-0.963762 -0.32361 0.586485
-0.715366 -3.09725 0.460674
0.0733613 -0.149289 -0.192257
0.595601 -4.92135 1.23346
-0.3333 3.24315 0.103922
1.3563 -3.23191 -0.175228
0.0852441 -4.55481 -1.60186
1.57199 -4.78774 -0.457082
0.689081 -0.490942 -1.25072
0.208527 2.66613 0.193419
0.435314 -3.42979 -1.44585
-0.848342 -0.318436 -0.782872
1.40201 -4.52951 0.194999
-0.0844005 -0.17345 -0.199542
0.533237 -4.95932 -1.12306
0.788095 -4.92327 1.06809
0.177895 -4.18414 -1.32057
0.201325 -0.59108 -1.3334
-0.916602 -3.36667 -1.15568
-0.797306 -1.7284 0.179426
0.346625 -0.779024 1.01392
0.309889 4.90472 0.0555286
-1.3346 -4.82287 -0.938276
-0.909883 -0.905827 -0.153374
-0.229052 3.14279 0.162289
0.0298123 -4.83057 1.61362
0.910311 -0.36606 -1.05088
-1.14721 -4.08982 0.451129
1.03239 -3.83159 1.14264
0.668395 -0.465969 1.26739
-0.843315 -0.511469 -1.07868
-1.32658 -4.48549 0.598218
-0.00628711 -4.80294 1.65042
-0.736522 -0.331347 -1.02496
-0.138445 0.874371 0.229426
-0.746856 -2.61499 0.548641
0.21556 0.388257 -0.00122892
-1.6017 -4.84196 -0.0622139
-0.25567 -4.99799 0.949926
-0.760021 -1.04655 0.43083
1.4824 -3.79614 -0.337012
0.840175 -4.52421 -1.17182
0.634369 -1.45818 0.376626
0.547891 -0.836968 -0.8105
-0.00458549 -0.459365 1.46491
-0.247188 -0.250724 0.592196
0.97449 -3.68181 0.155061
0.268228 -4.62284 -1.68932
-1.57694 -4.1041 0.295828
-0.859058 -1.95699 0.237768
0.371683 -2.71847 -1.20376
0.0754787 -4.76207 1.67761
-1.05237 -0.776451 0.225978
-1.00791 -3.21926 0.414078
0.313859 4.50351 -0.00366521
-0.915384 -4.00314 -0.29758
-0.688471 -4.91293 1.18986
0.145345 -0.0295796 0.207377
1.00626 -4.3758 -0.716595
-0.928662 -4.58973 1.14551
-1.04521 -4.02632 -0.137554
-0.539222 -3.27274 0.615714
-1.29225 -3.39917 0.36004
0.697281 -0.760033 0.792339
-0.00856723 -1.9232 0.863478
-0.888604 -0.775592 0.717688
0.2957 2.90538 0.0346467
-0.203864 0.424567 -0.106668
0.972172 -4.17612 0.589083
0.148586 2.1507 -0.135725
0.835921 -2.39969 0.522133
-0.442865 -1.13918 0.697841
-0.00891864 -2.6815 -1.01416
0.199099 4.96221 0.049824
0.309247 3.5585 0.149558
-0.897017 -2.60518 -0.640315
0.183148 -2.18543 0.901414
-0.704445 -1.05584 -0.464772
-0.528333 -3.22575 1.3144
-0.121661 2.05136 0.230928
0.141004 0.905587 -0.135464
1.42793 -4.73885 0.798362
-0.869007 -2.36514 -0.540432
0.123357 2.91722 0.194656
-0.91205 -0.288251 0.14257
-0.660172 -2.20059 0.658494
-0.396411 -1.94438 -0.804407
-0.203008 -3.85347 1.26914
-0.000974002 4.74911 -0.0183035
0.977937 -0.310407 0.329095
0.600101 -4.61882 1.52196
-0.589683 -2.65842 0.983716
0.492321 -0.282397 -0.787655
-0.775083 -1.31709 -0.0909383
-0.236813 -5 0.787771
0.307009 -2.16473 0.890171
1.57592 -4.51273 -0.505946
0.182584 -0.123792 0.189756
-1.54737 -4.7153 -0.357875
-0.913114 -4.29157 0.656071
1.28902 -4.14343 -0.44681
-0.989504 -4.02389 0.461493
1.01533 -3.68962 1.06322
0.397133 3.76741 0.00936268
-1.4299 -4.83696 -0.718353
-0.63393 -4.09048 0.992318
-1.44133 -4.69937 -0.603391
0.145039 -4.40349 -1.45337
-1.03038 -4.2597 -0.773491
-0.47497 -4.81946 -1.57079
-1.13846 -3.82951 0.415589
1.04083 -2.4879 -0.332646
-0.989958 -4.1754 -0.490809
1.27354 -4.8206 -1.07223
-1.14935 -2.76968 -0.0285473
-0.263142 3.13667 -0.0846988
-1.05839 -0.36273 0.745004
-0.249135 2.02737 -0.0115312
-0.491394 -4.4492 -1.28627
-0.422906 -0.851408 -0.849936
-1.32483 -4.22718 0.441738
-0.359054 -1.81978 0.740028
-1.14541 -4.82272 -1.15383
-0.807493 -0.600653 -0.998811
-0.992359 -0.612478 1.00245
1.1424 -2.70656 -0.33133
0.325615 -0.281922 0.0212109
0.265375 -2.73314 -1.20802
0.840431 -3.32953 0.341127
-1.20696 -4.58953 0.810015
-1.09972 -0.707361 -0.270172
0.698966 -4.96015 -0.799071
-1.11476 -0.387009 0.836328
-1.2233 -0.583507 0.70558
0.588048 -4.03054 -1.51201
-0.492576 -1.00576 -0.713089
-0.39348 -4.18819 1.61106
-0.34418 -0.898439 0.965347
-1.53878 -4.06861 0.339389
0.661648 -4.29173 -1.50122
0.834392 -0.951504 -0.185482
-0.0262654 -0.394402 1.40571
0.776867 -1.71859 0.0597053
-0.0320209 -4.93072 0.158466
0.401953 -3.68717 -1.48863
-0.573454 -3.79231 1.35837
-0.251508 0.895916 0.0280754
-0.529337 -1.28088 0.598333
1.3277 -4.36786 -0.530632
-0.932857 -3.93506 -0.677455
0.316426 -4.07158 1.04554
-0.196718 -0.213242 0.329525
-0.365604 -3.72828 1.46178
-0.564144 -2.96263 1.12388
1.11711 -2.81647 0.0220668
1.04628 -0.523576 -0.902752
0.969382 -3.30207 1.01676
-0.80594 -1.75611 -0.159804
-0.631979 -3.72107 0.395072
-0.720456 -4.09326 0.573142
0.480067 -4.89681 -1.45015
0.972989 -4.08448 1.24836
0.314041 -3.66193 -1.3497
-0.754804 -4.0236 0.497789
1.62243 -4.79959 -0.0968816
0.259511 -2.59697 0.930393
-1.37452 -3.11632 0.196602
1.37402 -4.64005 0.876616
0.4121 -2.24562 0.89932
-0.754519 -4.5337 1.52149
-1.11494 -2.55966 0.256134
0.303932 -4.94322 1.24583
-1.29621 -0.387562 -0.435253
-1.13862 -3.93145 -0.0580302
-0.803971 -3.09558 -1.10039
-0.401319 3.75316 0.085638
-0.327182 -1.25907 0.715307
0.682851 -4.33142 -1.36936
-1.19008 -4.2416 -0.122259
-0.707549 -0.360498 -1.14825
0.33486 4.51013 0.108357
-1.16169 -4.76456 1.17523
-0.863803 -2.27843 -0.440569
1.31369 -4.5799 0.858779
-0.628758 -4.16147 1.48226
-1.26151 -2.84569 0.130036
0.690043 -1.29512 0.265718
0.707366 -0.404732 1.22997
-0.846608 -4.68247 1.4707
1.13249 -0.393953 0.743265
0.951666 -0.640932 0.701578
-0.4197 -2.85475 1.24935
-1.56414 -4.74951 -0.357612
0.416852 -4.65055 1.56411
0.242163 2.41582 0.123305
0.606523 -4.79687 -1.55328
-0.343483 3.4491 -0.0169269
1.35863 -4.83436 0.871647
0.353423 -3.15479 -1.36431
0.28619 3.11931 0.141647
-0.462813 -1.43177 0.624009
-0.972528 -0.459389 1.08924
-1.41332 -4.91744 -0.150196
0.469977 -1.21514 0.636975
0.111594 -4.8061 -1.6429
0.246601 3.08493 0.178941
-0.80754 -2.34733 -0.699692
-0.210817 -2.70294 1.18122
0.340681 4.1207 0.129664
0.858962 -0.310042 0.545229
-0.218658 -1.66334 0.782599
0.0779302 -4.12707 1.0813
-1.22236 -4.83954 1.04414
1.30616 -4.91907 0.257173
-0.484489 -1.11219 -0.67773
1.3956 -3.26892 -0.295446
0.745839 -1.88135 0.370953
-1.04386 -3.3924 0.407928
-0.0378694 -0.551943 -1.37701
0.459267 -1.27754 -0.633234
0.0488436 -4.93627 0.409953
1.35285 -0.489995 -0.128844
-0.889253 -4.80502 1.38181
0.266401 3.036 -0.0755594
0.476481 -3.46412 -1.44699
-0.0034563 -4.94854 -0.537686
-0.712164 -2.98209 -1.06735
0.552728 -1.27891 -0.554645
-0.820067 -2.70706 0.497676
-1.14463 -0.442239 0.903146
1.63071 -4.6858 -0.289001
-1.32494 -3.05975 0.302646
-0.904498 -3.94127 -0.296347
-0.241401 -4.96217 -0.895824
1.21341 -4.43395 1.08242
-1.5462 -4.78637 0.565908
-0.83916 -0.425429 -1.11339
0.734132 -4.72288 -1.54649
0.11408 0.758936 0.237321
-0.241857 -0.469109 1.47581
0.86239 -2.14644 0.280172
-1.00035 -4.22336 -0.630164
-0.576528 -4.51542 -1.3652
1.2892 -3.18352 -0.105722
0.370586 -4.31717 1.16221
0.038944 -0.598733 -1.33014
-0.274137 -4.66769 -1.60081
0.573574 -0.421057 1.30474
-0.0228773 -3.5602 1.06123
1.50107 -4.66423 0.421097
0.959264 -2.47626 -0.449528
0.127334 -4.98114 -0.810833
-0.0457071 4.98356 0.0316076
-0.147814 -2.90794 1.13937
-0.705216 -4.6407 -1.51789
-0.239178 -0.846246 -0.926075
0.281286 2.89162 -0.0337145
-1.17563 -0.375167 -0.696842
0.123974 -3.9531 -1.18821
-0.221393 -4.97241 1.14486
0.448216 -4.87519 1.46333
1.34507 -3.19586 -0.334663
-1.16294 -4.8479 -1.06477
-1.33161 -4.75357 1.00011
1.5617 -4.77222 0.392368
0.361903 3.5333 0.00432963
-0.345877 4.57845 0.0553263
-0.624109 -4.0438 0.809951
1.20815 -2.8718 -0.347924
-0.532254 -2.85993 1.16495
-0.79104 -1.63792 0.0569659
-0.871382 -2.65451 -0.848576
-0.388608 -2.44529 -0.958672
0.532893 -1.43146 -0.562853
-0.394336 3.96631 0.0940746
0.190544 4.99781 0.0380317
0.0354236 -4.27611 -1.25869
-1.39679 -0.417663 -0.119491
1.45773 -4.59417 0.258434
-0.157144 -1.03578 -0.833856
0.0870112 -4.96471 1.1261
1.19437 -4.88519 -0.89381
-1.60544 -4.44057 0.11146
-0.607637 -3.8741 0.446947
0.538404 -4.90441 -1.3627
-0.340712 3.82356 -0.0715911
0.851973 -3.66201 0.346691
-0.941347 -2.34674 -0.227591
-1.31386 -4.60295 -0.987199
1.5785 -4.6197 0.18628
0.699329 -2.95556 1.05313
-1.43474 -4.43563 -0.0287776
0.465789 -0.48415 1.36221
0.704997 -4.54974 -1.56859
0.976667 -4.36125 1.33003
0.289434 -3.4283 -1.30877
0.19012 -4.91705 0.278124
-1.63467 -4.5098 0.272798
-0.0471353 -0.416679 1.43605
-0.770507 -1.46715 -0.00330314
-1.00222 -0.479436 -0.968831
0.650305 -2.69026 1.00155
-0.0298623 -0.197817 -0.255852
0.167 1.61127 -0.116466
0.49378 -0.278074 0.031464
-1.40932 -0.405449 0.079268
-0.739369 -0.531347 -1.14596
0.749415 -3.9865 -0.637072
-0.807565 -4.53112 1.46211
0.218851 0.502535 0.0901564
-0.439718 -0.294921 0.907058
-0.602866 -0.966864 0.705142
-0.21578 -3.77449 -0.986525
0.756485 -4.48357 -1.51274
0.631748 -0.379403 1.22136
-0.895294 -3.30351 -0.315889
-0.0036088 -0.431939 -1.41491
0.32698 -1.2287 -0.712337
1.2257 -0.379212 -0.579886
-0.761972 -4.4347 -1.32871
0.0282908 -0.258016 0.316693
0.188015 -0.0213245 0.152508
0.5582 -0.387753 1.27048
1.2613 -4.54256 0.401904
-0.509176 -2.57249 -0.989248
0.356472 -4.99225 -0.994069
1.16449 -0.507197 -0.739057
-0.13071 -0.280115 0.697874
-1.0564 -4.79768 1.25798
-0.610878 -2.89259 0.647912
-0.716778 -0.819357 0.8105
-0.338668 -1.67025 0.71419
0.0307719 -4.7702 1.6791
-0.239569 1.27721 0.0780575
1.30806 -4.84253 -0.958156
-0.304845 -3.97594 -1.0365
0.516633 -2.35781 0.912696
0.786466 -0.929571 0.354755
1.31559 -4.84171 0.91553
-1.25241 -4.83654 -1.01498
-0.941145 -3.8344 -0.226341
0.628743 -1.32089 -0.448383
-0.896378 -0.41762 1.10619
-0.743601 -1.37615 -0.202374
0.724313 -4.08953 -0.706576
0.540089 -3.95995 -1.54545
0.820866 -2.68168 0.86084
0.728903 -4.4141 -1.47872
0.257981 -2.60547 -1.15791
-1.33643 -0.37319 0.284551
1.30715 -0.367986 0.256247
-0.0931874 -0.816708 -0.980428
-0.119699 -4.22399 -1.15507
0.608801 -4.14636 -1.51646
0.540543 -3.55022 -1.35643
0.274251 -2.92544 -1.2691
-0.236857 -2.39442 -0.9353
-1.04701 -3.9543 -1.14338
0.734635 -1.21622 -0.233308
1.52447 -4.5212 -0.583231
0.0844238 0.506244 0.245046
1.47905 -3.80691 -0.230516
0.96749 -3.60003 1.17316
-0.442815 -0.644264 1.38686
-0.159529 -2.1521 -0.93791
-0.217975 -4.55354 1.69023
0.630805 -1.96528 -0.598387
-1.64223 -4.76747 0.107145
-0.319323 3.50475 -0.0790667
0.492679 -1.98576 -0.737238
-0.584767 -3.99004 1.48995
-1.24352 -0.418425 -0.613369
0.142364 0.449968 0.207483
0.566064 -1.82689 -0.604458
0.0737505 -0.208748 -0.382641
1.1559 -4.36959 1.1544
0.365371 4.50032 0.0787912
-0.612675 -4.9308 -1.19682
-1.03295 -4.06171 -1.22386
1.51878 -4.36582 -0.480205
1.22709 -3.81499 -0.0440135
1.33352 -4.72347 -1.02558
0.333431 -0.744786 -1.07765
0.388964 3.77992 0.117653
1.56988 -4.3716 -0.44921
0.930046 -3.17564 1.05022
0.775096 -4.65602 -1.5371
0.664054 -4.94446 0.701183
0.557038 -2.50422 0.957431
-0.788104 -3.26173 0.416996
0.705396 -0.430457 1.24752
0.716683 -2.22027 -0.57416
0.39301 -0.292412 0.135541
0.402328 -4.28275 -1.61977
1.03964 -4.64844 1.3247
-0.931338 -4.70753 -1.40267
1.2552 -3.49092 -0.383674
1.28384 -4.53302 1.00879
0.473497 -1.66133 0.627546
-1.53522 -4.54797 0.573489
0.00671463 -0.713162 1.22372
-0.98395 -3.18588 -0.983371
-0.638603 -2.53713 0.715582
1.04353 -3.97334 1.1795
-0.486511 -3.64059 0.513902
0.728324 -4.95229 -0.995868
1.18341 -0.364088 -0.684122
0.599151 -3.44405 -0.756798
-0.601389 -1.37501 0.513438
0.13435 -4.59782 -1.67949
-0.954857 -4.55324 0.981914
0.924699 -4.3643 1.33322
-1.61442 -4.78363 0.293882
0.861372 -4.31983 -0.778753
-0.348981 3.48744 -0.0326587
-0.354635 4.42063 0.0681811
0.423934 -1.01764 0.750822
0.342589 4.59126 0.0153019
-0.0185174 -0.263262 -0.858831
1.18741 -4.39816 1.02578
1.23875 -0.447129 0.520532
-1.41718 -0.489994 0.0857135
0.419277 3.8415 0.0551605
-0.184133 2.34791 0.206411
-0.0601267 -0.303076 0.935851
-0.336581 -3.03291 1.32288
-0.381324 4.42017 -0.0189996
0.730627 -2.14315 0.599025
-0.302127 -0.228799 0.190265
0.993495 -4.69491 -1.38211
-1.20263 -0.507677 0.828868
0.762292 -3.10834 1.08923
-0.204386 -0.0983548 -0.103127
-0.586254 -0.521854 -1.24005
1.49066 -4.83712 0.503616
-0.639089 -1.34982 -0.440831
-1.59458 -4.23615 0.239021
-0.210359 1.92927 0.177416
-0.0606451 0.172615 0.26603
0.85625 -2.93828 0.522418
1.58103 -4.84146 0.0526583
1.27871 -0.52685 -0.396585
1.14562 -4.31884 1.13392
-1.16997 -0.54647 0.855338
0.950848 -0.323254 0.66362
-1.11526 -4.74097 1.23057
-1.0264 -3.92154 0.435821
0.413028 -4.42282 1.24504
-0.14172 2.83411 -0.117899
-0.240606 -2.80983 1.22289
0.46935 -3.60216 1.02488
0.166887 -0.472389 -1.4235
0.184369 2.57808 0.208396
-1.28406 -4.54911 -0.996716
-1.38066 -4.82483 0.852053
-1.3139 -4.8274 0.958935
-0.847406 -4.09569 0.517761
0.82152 -3.1028 -0.528474
-0.648163 -0.86298 -0.686546
0.702127 -2.87139 1.04072
0.671752 -0.56323 1.16827
-0.252413 2.0345 0.0616951
-0.57082 -3.79281 0.952735
-0.644153 -2.55438 -0.958535
0.867277 -0.624494 -0.937099
-0.214379 1.67403 -0.0720866
-0.543555 -0.38024 1.27914
0.906473 -2.47234 -0.479898
0.86959 -2.79931 0.307773
-0.882281 -2.91863 -0.524803
-0.322094 -0.637694 1.39702
-0.916028 -0.913553 0.155279
1.07637 -4.40354 1.27502
0.253249 -1.31582 -0.749288
-1.02256 -3.46667 -1.04553
-0.557849 -4.49188 1.62389
-1.13006 -0.480171 0.932873
-0.529939 -1.76663 -0.649883
0.606537 -2.3988 -0.802934
-1.47392 -4.83437 -0.585962
1.57582 -4.39735 -0.107251
-0.548531 -3.22033 1.2574
1.42537 -4.8244 -0.791695
-0.162581 0.412918 -0.14724
0.401818 3.96298 0.142493
-1.13883 -4.07863 -0.0986623
0.342869 3.64389 0.138629
0.311626 -0.814472 -0.998335
-0.103948 -4.90846 -0.0963521
0.660973 -4.82558 1.49606
0.950284 -0.778265 -0.292407
-0.193946 -4.90988 -0.266302
-0.593388 -0.964553 -0.64787
0.0431734 1.90276 0.250373
1.19042 -0.616841 0.139235
0.656522 -4.13783 -0.915085
0.568636 -1.34678 0.490926
0.512176 -0.943338 0.734264
-1.57706 -4.82043 0.385668
0.560254 -3.81478 -1.22218
1.00083 -4.90101 -1.04537
-0.10221 0.20574 -0.177385
-1.35156 -4.90332 0.496913
0.68288 -1.40554 0.260145
-1.52361 -4.19186 0.369646
0.54516 -4.74721 -1.61808
-1.0153 -0.772584 0.428319
-0.164036 -2.47858 1.09255
-0.400251 -0.909104 0.894477
-0.500995 -4.85748 -1.50398
0.239993 2.81426 0.168781
-0.0328112 -0.576875 1.42965
0.883476 -3.89516 0.4042
-0.279745 -1.0987 0.826554
0.30761 -4.97666 -0.591131
0.659937 -1.77329 0.456207
1.32683 -4.89973 0.456505
-0.0782626 -2.4795 -0.972201
0.571215 -3.4194 -0.879039
-0.892509 -0.924857 0.241004
-0.633562 -1.04748 0.609078
0.134217 -1.71787 0.803115
0.821037 -2.51352 0.722926
0.0562426 -0.75441 -1.0679
-0.0389246 -4.95935 -1.17676
-0.013918 -4.02722 -1.10026
-0.217576 -0.384774 1.36682
-0.216592 1.50175 0.15173
0.830329 -4.85894 -1.33184
1.29024 -3.31299 -0.103967
-0.983967 -3.23845 -1.07033
1.53203 -4.86721 0.26034
-0.586062 -3.90506 1.43288
0.556339 -3.11308 -0.963745
0.450777 -1.05637 -0.700911
1.64944 -4.66248 -0.114572
0.929934 -3.84564 0.24079
-1.28896 -4.43532 -0.173071
-1.49521 -4.76004 0.732095
0.224021 1.15978 0.03457
0.817366 -3.95927 -0.600459
0.616403 -1.53565 0.425277
0.647605 -0.410233 -1.2335
-0.574465 -3.91428 0.499524
0.370533 4.38995 0.0874171
0.947934 -0.373968 0.978542
-0.797344 -2.23218 0.502661
-1.40451 -3.27463 0.193154
0.420177 4.08024 0.0093634
0.950081 -4.64351 -1.40273
-0.552375 -4.6436 1.62871
-0.316614 3.45289 -0.0663661
0.765161 -1.18734 -0.0186621
1.44446 -4.69399 -0.846729
-0.0136596 -4.71507 -1.68918
1.01004 -2.34564 0.0403679
0.537638 -3.36083 -1.28964
1.08802 -0.574889 -0.753743
0.32544 4.82175 0.0591266
1.08272 -2.79168 -0.417962
-0.204647 -4.3002 1.43267
-1.13791 -2.68768 0.340621
-0.282645 -1.65722 0.761963
0.630608 -4.94795 0.861745
-0.634728 -2.33833 0.768931
0.00254987 -1.68576 -0.814074
0.0222198 -4.45635 -1.39784
-0.201195 -1.30568 -0.765421
-0.141563 -0.483443 -1.40185
-0.514334 -3.74724 0.45863
1.35944 -0.373013 -0.00215613
-0.260768 -1.76926 -0.798017
1.32654 -4.637 -0.907017
-0.200703 -0.0529541 0.1786
0.205829 1.68486 -0.0580209
-1.21461 -0.559334 -0.52216
0.110223 2.14196 -0.145897
-0.240799 0.375981 -0.0307766
1.0876 -4.81499 1.23163
0.963622 -0.387419 0.994161
0.253026 -4.80051 -1.62025
-0.105882 -0.216126 0.307592
1.09128 -4.30531 -0.614077
-1.57901 -4.46561 0.0467126
-0.301572 3.24128 -0.0632958
-1.26049 -4.80343 -1.04792
-1.35817 -4.8464 -0.850742
-0.545586 -1.14814 0.628031
0.649237 -1.47767 -0.407912
0.1945 2.86787 -0.100951
0.66955 -0.891097 -0.638651
-0.209174 0.879422 -0.0976267
-0.370273 -4.80316 -1.60703
0.046956 0.504712 -0.18069
0.103074 -3.91292 1.013
0.841373 -0.53926 -1.12437
-1.09831 -4.13914 -1.13611
0.224038 -0.416542 1.42706
-1.5413 -4.87226 -0.188184
-0.865982 -0.637591 1.07934
1.31761 -0.399363 0.328889
-1.40942 -0.470243 -0.0432836
-1.18632 -2.66316 0.0755933
0.204875 -0.092215 -0.0568759
0.249918 -1.06272 -0.811011
-0.0615665 -1.04002 0.875455
-1.32815 -4.08813 0.0748475
-0.530885 -3.40315 -1.0254
-0.774552 -1.89995 -0.40139
-0.173507 -4.911 0.162226
0.403859 3.77026 0.0668385
0.600216 -2.3329 -0.815772
-0.661927 -4.10446 0.705768
-0.874999 -2.56718 -0.758686
1.36769 -0.389205 0.0977416
-0.954921 -4.63019 1.33384
-0.730078 -2.00808 0.506399
0.571058 -2.25426 -0.815859
0.340492 -0.303584 -1.17218
-0.536341 -3.30102 1.32611
-0.838035 -2.30125 -0.603769
-0.416227 -0.37052 -1.28731
0.484426 -0.38397 -1.30631
-1.1396 -4.30402 -1.18707
-0.859046 -0.957604 -0.227503
-0.411231 4.02156 0.036987
0.232514 4.88685 0.00597348
-0.467126 -2.40581 -0.960921
0.552605 -2.69043 -1.05514
0.201845 -4.73876 1.66878
0.491843 -0.355887 -1.26578
1.22062 -2.89985 -0.0707486
0.787526 -2.70962 -0.534669
-0.188934 2.05476 0.202923
1.28768 -4.06078 -0.0526234
0.470064 -0.528121 1.33379
0.914177 -2.97019 0.801455
1.2408 -4.92408 0.014292
0.71304 -0.369957 1.15788
-0.8946 -3.73437 -0.556621
-0.274516 -0.530435 1.48171
-1.12792 -2.78234 0.38701
-0.751264 -0.873574 0.671936
0.489315 -4.81154 1.57785
1.53168 -4.84496 -0.441878
-0.622522 -1.48695 -0.468202
-1.38799 -0.500535 -0.141136
-0.479805 -0.409557 1.40263
-0.513378 -2.96786 1.22109
-0.394001 3.71227 0.0332339
0.217811 -0.295931 0.27833
0.236097 -4.52438 -1.67299
0.430022 -0.463216 -1.36687
-0.261863 -4.87718 1.50949
-0.795987 -1.86107 0.306044
0.76211 -0.861225 -0.544238
1.47135 -4.79585 0.659015
-1.61618 -4.79485 -0.180363
1.22984 -4.85207 1.00656
1.59934 -4.30844 -0.350804
-0.788126 -0.294383 0.517555
-0.787156 -4.83863 1.37061
-1.61844 -4.8195 0.169465
0.0645697 -0.503391 1.46021
-1.49737 -4.80812 -0.570311
-0.236678 1.60163 -0.0164478
-0.653288 -3.18501 0.463206
0.3618 3.90139 0.148177
0.520996 -3.56966 -1.42893
-0.10428 -0.110907 0.256232
-0.333689 4.4122 -0.0421292
-0.302564 -4.96115 0.593613
0.335177 -1.76025 0.748352
0.224244 1.42946 0.0458856
-1.11229 -4.23765 -0.244965
-0.814586 -0.571999 1.19952
1.04957 -4.15414 1.24608
0.48661 -4.64049 1.54913
0.316478 4.70608 0.0909127
-0.57801 -0.417015 -1.25928
1.09221 -0.454889 0.861584
1.20933 -0.335085 0.0708334
-1.38533 -0.430269 -0.19665
-0.837781 -0.943336 0.400889
1.11249 -2.55926 -0.167669
0.821661 -0.281898 -0.0642629
-0.239075 1.82772 0.121205
1.01792 -0.657807 0.531175
-0.00985987 -4.85104 -1.57665
-0.978288 -0.437387 -1.00565
1.53751 -4.66505 -0.663161
-0.254618 -4.0534 -1.05296
-0.337496 4.31216 -0.0460366
-0.608214 -4.04873 1.45137
-1.52556 -4.68881 -0.33875
-1.64421 -4.75473 0.0312177
-1.02258 -0.528393 1.04016
-1.60261 -4.40456 0.387767
-0.140637 -0.393181 -1.39028
0.0365843 -1.89987 -0.871357
-0.979953 -0.84622 -0.03277
-0.940275 -4.90245 -1.08112
-0.903011 -3.24209 -0.642536
0.425507 -2.13113 -0.863027
0.786913 -4.56498 -1.5208
0.655128 -4.49566 1.36662
-0.721283 -4.36762 1.26696
-0.559827 -0.339667 -1.16332
-0.932503 -3.71671 -0.28885
-1.49226 -4.59551 0.66403
-1.45564 -4.73831 -0.698928
0.0317475 -2.18565 0.938255
-0.503505 -3.46584 0.545201
0.513965 -3.30178 -1.36356
-0.254295 -0.91462 -0.874076
-0.235115 0.613398 -0.04055
-0.698071 -2.41714 0.600834
-0.971309 -3.9994 -0.198556
-0.858349 -4.32729 0.762701
-1.42997 -4.81097 -0.764299
0.234204 1.87504 0.0476376
0.084246 3.78224 -0.0539107
1.27742 -3.20934 -0.367934
-0.585859 -3.97103 0.633441
-1.14605 -4.80992 1.16122
0.492611 -1.85796 -0.679584
0.53983 -0.286173 0.473983
1.34339 -0.477107 0.201674
0.925601 -0.837131 -0.0763625
-0.920533 -4.24747 0.602135
0.327742 4.33438 0.120937
-1.4145 -3.62247 0.334741
-0.262756 -1.23376 0.779647
0.947455 -3.28039 0.878337
-0.274756 2.50722 0.0916516
0.543935 -0.305462 0.751427
-0.122795 -4.82967 1.61927
0.412476 -0.790368 -0.945688
-0.681157 -1.22693 0.442651
0.665985 -0.86281 0.662699
-1.05069 -2.98513 0.414815
-0.732597 -2.93214 0.499431
-1.09581 -0.74848 0.023638
-0.253797 -1.32247 0.764982
-0.305234 2.85764 0.0647588
0.210337 -0.973898 0.878789
0.504792 -4.55116 -1.64709
0.267242 -4.82901 -1.58057
0.900192 -4.94076 -0.850773
-1.40199 -0.487507 0.295509
-0.140373 -4.43862 -1.31162
0.0386102 -4.03653 1.06729
1.33672 -4.82509 -0.962805
1.21043 -4.16645 0.0436604
1.02964 -0.422199 0.949955
-1.11492 -0.342341 -0.64343
1.25058 -0.397572 -0.562395
-0.825081 -1.10334 -0.107405
0.607138 -3.89388 -0.82382
-0.57718 -1.60705 -0.553622
-0.370991 4.68285 0.0402171
0.411484 -0.355595 -1.31673
0.317983 3.32667 -0.039291
-0.933596 -3.93278 -1.202
0.254191 -0.243592 -0.209095
-0.337022 -0.216673 -0.111983
0.517468 -4.84317 -1.54066
-0.0816311 -3.05064 -0.985749
-0.27949 2.62943 0.000122626
0.298085 4.56345 0.100498
-0.920064 -3.95712 -0.538125
-0.414335 4.00014 -0.0201596
-0.474206 -0.5392 1.4451
1.26082 -4.84692 0.960719
-0.715564 -4.17276 0.712446
-1.6018 -4.50963 0.0283269
0.0473002 -0.0574616 0.255101
0.918247 -4.59386 -1.32652
-0.220988 -0.288049 0.883001
-0.246471 2.2007 -0.0428258
0.799286 -0.439824 -1.19286
-0.810087 -1.17852 0.104568
0.813427 -3.06226 1.08861
-0.208016 -0.441644 -1.3962
-0.241572 1.57978 0.0340744
1.10172 -4.41139 0.646323
-1.57835 -4.58142 -0.0789
-0.18818 -1.50622 -0.770787
0.113343 -2.85538 0.959805
-0.608104 -2.33513 0.828714
0.0924142 -4.34137 -1.34999
-0.665343 -4.26735 1.47462
-0.267764 2.67163 -0.0493701
1.50241 -4.71577 0.544589
-0.88817 -2.54176 -0.691827
-0.392927 -3.42456 1.4333
-1.23261 -2.8072 0.0699933
1.33882 -0.394261 0.23941
0.126829 -0.233286 -0.649277
0.41913 -4.9329 0.473514
1.29487 -0.396202 -0.453017
0.890627 -2.93763 0.943544
1.27342 -0.36618 0.326558
0.110898 -2.47483 -1.08968
-0.396331 4.2725 0.0111752
-0.045969 -2.27474 -0.992431
0.385288 3.91682 -0.0287749
-1.21713 -2.92194 0.0253389
0.91742 -2.37711 -0.454016
-1.62789 -4.59826 -0.0110147
-1.57309 -4.67984 -0.243277
0.141118 -0.283628 0.300994
-0.564971 -0.466029 -1.27367
-0.387497 4.17803 -0.0420901
0.431397 3.96383 0.0142853
-0.332444 3.22464 0.0417068
0.330638 4.58382 0.0915553
1.1209 -4.41227 0.802822
0.489231 -3.5874 -1.4701
0.304013 3.14901 -0.0173701
0.2524 2.31165 0.0389298
1.12144 -2.70146 0.00811295
-1.13006 -4.27574 -1.09632
-0.764685 -4.95084 -0.43649
-1.10191 -4.94917 0.478152
-0.2353 0.844273 0.122458
0.838755 -3.25605 0.415567
-0.347322 4.45365 -0.0347249
-1.22813 -0.369163 0.576709
-0.633205 -4.93777 -0.407235
-1.11526 -0.358547 -0.783388
-1.0636 -4.70179 1.26471
0.819613 -0.977961 0.121641
0.745605 -2.00134 -0.464709
0.373033 4.50413 0.0270259
0.569025 -4.42704 1.27529
0.360331 -1.96517 0.804601
-0.612453 -0.573697 -1.17647
-0.551347 -3.10482 1.19177
0.534058 -3.28554 -1.28855
-1.28157 -0.352394 0.180146
0.36596 -0.53661 -1.3652
0.20062 0.537919 0.136348
0.255 -4.44399 -1.62831
0.11965 -4.65218 1.63316
0.342626 -1.47481 0.693874
-0.00444439 -0.151963 -0.209525
0.495204 -4.96425 -0.619258
0.821846 -2.0044 0.291502
-0.832475 -4.60554 1.47485
-0.0101463 -1.44102 0.780981
1.25826 -0.425422 -0.564662
-0.253795 4.8689 0.0551851
-0.111759 0.425422 -0.172281
-0.362123 3.95049 -0.0549883
1.55485 -4.85379 0.290354
0.242597 -1.45182 -0.754149
0.115052 3.64333 0.153344
-0.399157 -1.45845 -0.680451
1.41144 -4.85648 -0.567501
1.17268 -2.97152 -0.393694
-0.0597 -3.38314 -1.00616
1.17799 -4.77613 -1.19974
-0.426156 -4.6402 -1.54198
0.196891 2.03853 0.176026
0.59073 -0.465549 1.30639
1.57917 -4.29155 -0.197328
0.170998 -4.06907 1.03305
0.731111 -1.48565 -0.167641
1.3713 -0.455381 -0.0672621
0.630367 -3.6003 -0.682018
-0.18293 -0.244194 0.48293
0.684073 -0.268467 -0.243394
0.308057 3.41231 0.15873
1.33268 -0.421165 0.300332
-0.828284 -0.344202 -1.02493
0.900831 -2.89218 0.861293
0.266256 -4.08493 -1.37368
0.965713 -2.27353 -0.265301
-0.517877 -3.7243 0.638739
-1.15776 -4.66363 1.08474
-0.850071 -3.05281 -1.08639
1.55565 -4.44226 -0.502951
-0.786496 -0.688306 -0.840797
-0.154118 -2.85829 -0.957852
0.349109 4.59571 0.0587922
-0.280214 4.81889 0.05769
0.330556 -2.30861 0.924303
0.416221 -0.285874 0.372135
1.12931 -4.51988 -0.76415
-0.478843 -0.648542 1.3664
-0.17011 -2.24456 -0.941409
0.418585 -4.01391 -1.55274
1.44033 -4.6884 0.739378
0.880849 -0.509316 -1.11625
-1.2875 -4.73828 -1.04946
-1.06848 -4.26274 -0.349007
0.288244 -0.885191 -0.918291
-0.347562 -4.1827 1.56359
-1.03718 -3.76166 -1.14067
0.908335 -4.47138 1.39058
-0.625947 -2.83428 -1.0335
0.55178 -2.85659 -1.08824
-0.983965 -4.04156 -0.833495
-0.696521 -4.38587 1.51879
-0.25466 -0.188477 0.135445
0.151137 -0.230984 -0.191916
0.212147 -0.247325 -0.828072
-0.164285 2.56947 0.19959
-1.33882 -0.578807 0.308845
-1.28728 -4.61768 -0.53648
-0.265098 2.8309 0.150306
-0.956711 -3.024 -0.868925
1.34968 -0.432937 -0.283867
-1.03673 -4.10346 -0.174298
1.06917 -0.428213 -0.908424
-1.39132 -3.19277 0.193456
0.138885 -0.40166 -1.41078
1.2416 -4.90873 -0.532916
-0.415807 -3.36015 -0.991238
-1.46385 -3.48882 0.252921
0.356179 -2.57412 -1.13643
-0.266228 2.52667 0.127845
0.850967 -2.27111 -0.481188
1.43687 -3.46979 -0.314783
1.24531 -4.59888 1.10479
0.299551 -3.49979 -1.31332
1.24147 -4.69019 1.11519
0.805551 -0.3455 -1.06379
-0.764524 -1.08987 -0.333744
-0.122534 -0.363174 -1.35785
1.02736 -0.565672 -0.868731
-0.260109 2.34736 -0.00807629
1.30311 -4.60511 -0.829378
0.419422 3.96002 0.123797
-0.726233 -1.52125 0.306363
0.0630157 -0.19045 -0.22045
1.40203 -4.64323 -0.855328
0.657748 -1.88779 0.524968
-0.575327 -2.80445 1.05342
-0.300096 2.9216 0.109579
-0.771578 -0.543684 1.25133
-1.10938 -4.92175 0.812519
-0.823919 -4.58433 -1.45161
0.932386 -3.78266 1.19821
0.635441 -0.504861 1.2671
-0.516059 -4.82404 1.5718
-0.227763 -0.19384 -0.20536
-0.993197 -2.72363 -0.171318
-0.670678 -4.59518 -1.4958
-0.0769223 -0.467336 1.46758
-0.788723 -4.54022 -1.43511
1.59415 -4.81254 0.246703
0.189282 -4.51857 1.34799
1.29468 -0.375608 0.334153
0.407922 -0.440749 1.38644
-0.975663 -2.46757 0.432789
0.572408 -1.88706 0.621171
1.35536 -3.14182 -0.277692
0.0791752 -4.72099 1.68312
1.34279 -0.400873 -0.339119
1.01495 -4.63935 -1.26896
1.38472 -3.23353 -0.23676
-0.892134 -2.71851 -0.347653
-1.58737 -4.84564 0.212439
-0.370723 4.50688 0.0644359
-0.590459 -2.6927 0.965824
-0.20783 3.15856 -0.104235
-0.0130086 -1.57831 0.787886
-0.549468 -4.70736 1.62177
0.0245517 -4.78382 -1.67449
0.98129 -4.18502 0.453129
0.0259063 2.49389 0.215052
0.819929 -4.83237 -1.40789
0.649204 -0.738552 -0.875558
-0.0575882 -4.07896 1.15672
-0.385253 -4.97124 1.23052
-0.46765 -0.470656 1.44027
-0.200284 3.00465 -0.10963
0.470436 -4.95236 1.06173
-0.241885 2.32914 0.149321
-0.139423 -1.90104 -0.863764
-0.0305143 0.18741 -0.192313
-0.0999633 -4.63893 -1.6085
-0.164122 2.27277 -0.137937
0.23803 2.58208 0.154224
-1.38237 -4.65925 -0.724895
-0.531214 -0.790333 0.997253
0.30455 -3.83554 -1.36496
-1.37251 -0.382685 -0.0268974
1.64324 -4.74056 -0.114909
0.198685 -0.23798 -0.382367
1.33286 -0.361919 -0.191833
-0.965101 -4.9166 0.998956
-1.24826 -4.58848 -0.717599
0.789906 -1.76531 -0.125812
-0.984314 -3.93773 -1.20564
-0.920003 -0.377826 0.990613
1.50043 -4.04834 -0.204797
-0.241127 4.93083 -0.0091486
-0.960905 -4.76798 1.36555
1.00528 -2.46286 0.110886
0.217223 -1.33842 -0.7573
-0.0409785 -4.11552 -1.12227
1.58105 -4.1847 -0.322869
1.316 -0.528702 -0.161071
-0.0564887 -0.201285 0.283282
0.0652317 -0.388582 1.39347
-0.482558 -4.95012 1.16067
0.334904 -2.93107 -1.29382
-1.14658 -2.58367 0.160598
-0.886733 -0.284426 -0.163182
0.626979 -0.572575 -1.22908
-0.993441 -3.64432 -1.16401
-0.715562 -1.68584 -0.367758
-0.278938 -4.50368 -1.34089
1.57749 -4.81797 -0.317928
0.188149 0.759135 0.156621
0.329275 -3.87075 -1.38925
0.208244 2.17361 0.175105
-0.560517 -2.89745 1.12429
-0.551003 -3.38003 1.27994
0.407219 -3.85076 -1.51313
-1.37445 -0.395758 0.286348
-0.00169517 -1.50191 -0.783973
-1.26121 -2.93404 0.0706602
-1.18552 -4.53347 -0.642165
0.24076 4.99828 0.036193
-0.496031 -4.11478 -1.11344
0.737121 -1.17189 0.207204
-0.879596 -4.61709 -1.43515
-0.921548 -2.79948 -0.737024
0.331976 4.79705 0.0282404
-1.4125 -3.23978 0.249566
0.497922 -4.03828 -1.58248
-0.498398 -4.61242 -1.50349
-0.441014 -4.90615 0.0169845
-0.420126 -0.254642 -0.419439
-1.1992 -3.01982 0.372833
-1.04165 -0.555606 1.01359
1.44129 -4.85854 0.520473
-1.44443 -4.65212 -0.343863
-0.360737 4.26517 -0.0436747
-0.545789 -0.59366 1.3659
0.051092 -4.65032 -1.68246
1.11314 -3.67296 0.0306571
-0.106453 0.174397 0.254819
0.358914 -0.353595 1.18541
0.195885 1.36837 -0.0717478
0.0848964 -3.40078 -1.10005
-0.237097 -0.207046 0.196025
0.239356 -1.61806 -0.775706
-0.306557 -0.217948 0.0274093
0.532455 -0.33399 -1.17012
0.857113 -0.398947 -1.1354
1.11027 -0.333832 0.476084
0.509516 -2.65385 -1.08708
-0.780231 -1.20026 0.233243
0.698183 -4.69997 1.53892
-0.358078 4.22577 0.0871884
-0.763106 -4.79336 -1.47825
0.329431 -0.492167 1.42023
0.0641739 0.848339 -0.175144
0.868263 -1.96571 0.0261225
-0.617411 -2.06043 0.656789
-0.37705 -0.383882 1.35934
-0.12862 -4.73457 1.68923
1.13242 -4.37218 0.36564
0.74505 -4.30233 -0.934257
-0.411377 3.86476 0.0343555
0.487407 -4.24273 -1.61449
-1.3568 -0.54052 -0.196945
-1.03465 -2.43712 -0.114959
-0.72334 -0.274028 -0.352787
-1.20816 -4.43689 -1.07823
1.35727 -0.393562 -0.237763
1.38623 -3.61081 -0.354477
-0.7287 -2.15135 0.544613
-0.762919 -1.34958 0.210721
1.24677 -2.99551 -0.359175
1.37615 -4.86754 0.759481
-0.449268 -0.349724 1.21795
-1.08098 -3.69585 -0.0830986
0.0852436 -1.07379 0.847217
1.19187 -0.526646 0.558238
0.154674 -0.57654 1.39846
-0.909564 -4.61137 1.38733
0.93573 -4.07026 0.402344
0.590466 -4.82246 1.53572
-0.571794 -1.50372 0.537589
1.02775 -0.49915 0.934501
0.352089 -1.05565 -0.753776
1.1794 -4.65837 -1.07727
0.220518 -4.92411 1.35567
-0.881923 -3.57939 -0.396999
0.0471348 1.01919 0.262563
-0.689798 -0.316225 0.875161
1.09648 -2.65135 -0.371409
-0.957541 -3.28368 -1.12892
1.55183 -4.84492 -0.218451
0.928907 -2.85614 0.204441
-0.329507 4.78635 0.0494102
-1.57895 -4.45534 0.462705
1.38262 -4.63613 0.718671
-0.765348 -1.56448 0.20051
-0.267956 -0.199134 0.0679834
-0.742487 -0.484688 -1.17988
-0.0701018 0.447655 0.25625
1.55342 -4.66158 0.307758
-0.323115 3.19671 -0.00322578
-0.257423 3.06657 0.155635
0.231273 1.89535 0.00218956
-0.479178 -0.59367 1.42446
1.5097 -4.2092 -0.159572
-0.094507 -4.82651 -1.6256
-0.0562522 -3.84714 -1.0369
-0.333468 3.90788 -0.0667668
0.10245 1.36486 0.245665
1.54165 -4.2872 -0.422651
0.212281 1.362 -0.034508
-0.524441 -2.37402 -0.933412
0.225076 -4.29118 -1.44306
-0.280155 -0.402359 -1.3686
-0.76482 -1.69334 -0.245702
-0.619623 -1.95369 -0.654131
0.581822 -1.18093 0.526208
-0.605457 -2.75544 0.768856
-0.722752 -4.39893 1.48175
0.218426 0.43417 0.0822577
-0.203135 -0.421585 1.43827
0.277367 -4.90764 -1.38897
-0.25061 2.9516 -0.095902
-0.834962 -0.509779 1.20382
0.586263 -2.46444 -0.890703
0.675258 -3.59365 -0.627316
-0.562599 -3.40621 0.43929
-0.0779644 -2.33637 1.01641
0.172976 -4.54271 -1.65842
-0.839307 -1.83338 0.120653
-0.844775 -2.91434 -1.02717
0.00304773 -4.16875 1.14621
-0.407879 3.87895 -0.0131114
-0.226847 2.82413 0.177225
-0.362661 4.12437 0.0935125
0.578391 -2.65468 1.00573
-0.973041 -0.559941 -0.913357
0.670753 -2.20379 -0.630648
1.37306 -0.397821 0.0376981
-0.379358 -2.42981 1.03919
-0.962369 -4.16103 -0.390296
-1.06149 -0.48372 -0.89577
1.27514 -4.76763 1.05786
-1.21155 -4.53806 0.710853
-0.0180145 -2.19285 -0.981147
-0.351441 3.56685 -0.0535421
0.555617 -0.647461 -1.09527
-0.879515 -4.608 1.43071
-0.280979 -0.499955 -1.36736
-1.50079 -3.94472 0.332884
-0.573022 -3.13232 0.589046
0.0975265 2.15233 0.238975
-1.17677 -4.75297 -1.17944
0.429255 -1.09262 0.711789
0.0745589 -0.888918 0.977432
-1.53177 -4.16172 0.191667
-0.28689 2.73208 0.099769
-1.57549 -4.39544 0.10641
-0.54174 -3.15135 1.25901
0.677906 -4.12931 -0.81886
0.200343 -0.389511 1.38347
-0.0181162 -0.958815 0.928066
0.633258 -4.30001 -1.54892
0.932631 -3.32782 0.182845
1.54194 -4.82251 0.420276
0.878429 -3.00799 0.647277
1.2593 -4.70777 -1.0953
-1.29629 -4.58813 -0.409425
0.0260973 -4.41344 1.31244
0.38123 4.44606 0.0618299
0.391299 -2.78225 0.967862
-0.533193 -3.73284 1.46966
-0.471157 -4.87696 1.51621
0.413506 -4.74334 1.6259
0.105568 -0.449627 1.45586
0.264107 -0.450198 1.43734
-0.549929 -2.97837 1.18367
1.21483 -0.489069 0.566338
1.57355 -4.26817 -0.385881
0.917838 -4.94605 -0.652599
0.21668 -0.295986 0.0576798
0.886043 -0.87989 0.0540694
-0.242018 -2.01958 -0.884972
-0.661796 -4.68918 -1.54043
0.330669 -4.30282 -1.59833
0.159639 2.47086 0.211039
-0.991394 -3.75573 -0.197301
0.174809 2.48644 -0.119129
-0.928544 -3.69273 -1.1794
-0.204741 2.83719 -0.114429
0.543846 -0.462995 -1.30627
-0.231993 -4.41105 1.56992
0.147172 -4.85425 1.57547
-0.0713631 -0.277821 0.538753
-1.23716 -4.86778 0.935713
0.665396 -0.535986 -1.245
-1.43914 -4.75939 -0.772814
-0.452545 -4.91922 1.41801
0.578357 -0.92675 -0.694335
0.213148 -0.156049 0.131053
-1.02586 -2.49532 0.389776
-0.64143 -4.04094 0.590129
0.448816 -4.79491 1.60137
-1.18622 -2.80152 0.345481
-0.333193 3.31605 -0.00848735
0.734988 -1.55288 0.104181
-0.0296033 -2.91798 -1.0076
-0.624275 -2.20504 -0.797741
-0.382848 4.42956 0.0198063
0.192123 -3.85008 -1.22983
1.29663 -0.488034 0.37083
0.392935 4.12055 0.102896
-0.00510596 -0.143631 0.267115
-0.209327 -0.124252 0.174764
1.35814 -4.81109 0.909718
-0.255309 -1.49682 0.756822
-0.315687 4.85012 -0.0137415
1.14756 -4.2277 0.150378
0.0538839 -4.80698 1.65104
-0.28543 -0.189717 -0.0684736
0.12587 -0.0762363 -0.153334
0.943543 -4.5797 -1.10247
0.946678 -4.70379 -1.43063
-1.11261 -2.52193 -0.00820155
1.10444 -4.20553 1.14313
0.0299098 -0.215863 0.27735
-0.323318 3.85506 0.114163
0.523419 -2.79614 -1.15139
-0.393304 4.33159 0.0161733
-0.634681 -2.21385 0.719096
-1.05122 -4.53609 0.829189
1.2479 -2.88002 -0.282265
0.174255 -0.150702 -0.140775
-0.600061 -2.63415 -1.00344
-0.812888 -2.93506 0.469504
-1.21815 -2.8166 0.300739
0.0313419 -4.93484 -0.0464678
0.787115 -1.00396 -0.272798
0.757712 -0.407878 1.18807
1.1875 -2.71687 -0.166765
1.32837 -4.58774 0.411634
-0.767615 -4.95692 0.513154
-0.899675 -0.9441 -0.0313708
0.0466637 -2.47548 -1.05655
-0.876436 -2.49848 -0.47185
-0.258822 2.28241 0.0887654
-0.314271 4.75146 -0.0209608
0.23498 -1.74834 0.784861
0.444864 -3.72477 -1.51701
-0.430998 -4.94835 0.553113
1.01791 -4.82777 -1.30518
-1.00799 -4.34217 -1.30891
-0.130592 -0.232033 0.350275
0.775237 -1.76206 0.172168
-1.33058 -4.86923 0.767029
-0.331228 4.63261 -0.0251855
-0.85328 -4.77583 1.4312
0.0991654 3.98654 0.128238
-0.0813909 -4.92832 -1.35843
0.366971 4.16323 -0.0169654
0.553892 -4.41467 -1.61961
-0.511456 -1.31052 -0.605339
-0.680439 -2.56032 0.616946
0.156853 -2.09361 0.890716
-0.283037 2.66757 0.112092
-1.27898 -0.393237 0.592287
-0.569934 -2.353 0.881023
0.882209 -3.89829 0.470532
0.911932 -4.86548 1.28013
0.672118 -0.280909 0.202891
0.497102 -0.431199 1.35019
1.54644 -4.60566 0.199587
-0.235305 0.755963 -0.0350205
-0.935475 -3.36772 -0.232802
-0.31044 -0.910644 0.965939
0.363756 3.54151 0.0785312
-0.931276 -0.737825 -0.553651
-0.307142 3.29338 0.139893
0.502704 -2.60677 0.990795
0.0600484 -0.825962 -0.975671
0.243318 -1.80044 -0.817344
-0.429756 -3.67243 -1.01655
-1.03534 -2.33673 -0.0378327
0.805891 -0.788215 -0.617815
1.61028 -4.39954 -0.189051
0.972131 -0.305788 0.0922208
0.510644 -1.95368 0.710726
0.325507 4.42995 0.106212
0.358218 -3.3296 -1.38966
-1.06784 -0.612155 0.929273
-0.498617 -3.96562 1.56252
-1.54858 -3.95965 0.302215
-1.09655 -2.56411 -0.0592505
-0.358553 4.32567 0.0766566
-0.216532 -4.63717 1.69671
-0.314232 3.05085 0.0641435
-0.337411 -4.32633 1.64081
-1.02182 -3.96842 -1.19505
0.238424 -4.28003 1.13338
-1.26817 -0.57855 -0.358324
-0.651417 -1.12271 0.540666
1.37552 -4.67313 -0.933935
-1.30615 -2.97634 0.133802
-0.241159 2.19709 0.139937
0.213472 -3.92953 1.00072
0.385901 -3.77357 -1.47203
-0.287897 4.62049 -0.0296419
-0.2895 -0.993904 0.88685
0.0264188 -2.33486 -1.02874
-0.138048 -3.31089 1.14363
0.344534 3.5631 0.121819
-0.477691 -3.65333 1.50008
-1.03761 -3.8452 -1.12462
0.343435 4.74775 0.0637024
0.120644 -0.66496 -1.22199
0.243279 -4.99741 -0.740454
1.34705 -4.78658 -1.00177
-1.17807 -4.10183 -0.0622165
1.2451 -0.466518 -0.605587
-0.285676 -0.762504 -1.00266
-0.406916 -2.72418 1.1863
-0.561274 -3.13503 0.923209
-0.0891707 -4.94905 0.335689
-0.775773 -1.5797 -0.0881881
0.594946 -4.87006 1.41632
1.00409 -3.64046 1.13328
-0.117749 1.74846 0.241332
0.128513 -2.66303 -1.13121
0.369681 -4.14143 -1.5575
0.81695 -0.368426 1.08226
0.836539 -2.2524 0.371957
1.30662 -3.05559 -0.32109
0.29227 -4.91124 0.1493
-1.5535 -4.4288 0.469785
1.22338 -4.90528 0.634525
0.850476 -4.67059 1.45963
-1.06275 -4.8629 -1.14246
0.663311 -0.370862 -1.19439
0.00936421 -4.54154 1.46126
-0.564202 -4.89346 1.36729
-0.831817 -0.372225 -1.07659
-0.385281 3.89717 0.0936106
0.861107 -0.353543 -1.08634
1.04965 -3.91114 0.115614
0.150762 -0.168749 -0.165718
0.690092 -1.00574 0.475593
-0.340707 -4.37891 1.65939
0.566171 -0.551438 1.26433
-0.310163 3.06657 0.00634347
-0.118761 -4.99022 0.812806
0.30411 3.89626 -0.0382719
-0.329325 3.65943 -0.0730544
-0.307743 -2.2439 -0.936101
-0.596904 -4.14134 1.52505
0.141408 -3.48938 0.970217
-0.5259 -4.92386 0.211832
-0.594613 -3.98857 1.25091
-0.343383 -1.09904 0.766926
-0.797245 -0.749597 0.884022
-0.423309 -0.2679 0.596141
-0.895344 -2.17912 -0.298112
