138
-1.0000000000000000 0.7500000000000000 0.7500000000000000
-1.0005515813827515 1.0001535415649414 0.9993230700492859
-0.7500000000000000 1.0000000000000000 0.7500000000000000
1.0009982585906982 1.0012989044189453 -0.9979411959648132
-0.5000000000000000 1.0000000000000000 0.5000000000000000
-0.2500000000000000 1.0000000000000000 0.2500000000000000
0.0000000000000000 1.0000000000000000 0.0000000000000000
0.2500000000000000 1.0000000000000000 -0.2500000000000000
0.5000000000000000 1.0000000000000000 -0.5000000000000000
0.7500000000000000 1.0000000000000000 -0.7500000000000000
-1.0000001192092896 -0.7500002384185791 -0.7500000000000000
-1.0000000000000000 -0.5000000000000000 -0.5000000000000000
-1.0000000000000000 -0.2500000000000000 -0.2500000000000000
-1.0000000000000000 0.0000000000000000 0.0000000000000000
-1.0000000000000000 0.2500000000000000 0.2500000000000000
-1.0000000000000000 0.5000000000000000 0.5000000000000000
1.0000000000000000 0.7500000000000000 -0.7500000000000000
1.0000000000000000 0.5000000000000000 -0.5000000000000000
1.0000000000000000 0.2500000000000000 -0.2500000000000000
1.0000000000000000 0.0000000000000000 0.0000000000000000
1.0000000000000000 -0.2500000000000000 0.2500000000000000
1.0000000000000000 -0.5000000000000000 0.5000000000000000
1.0000001192092896 -0.7500002384185791 0.7499998807907104
-0.7500000000000000 0.7500000000000000 1.0000000000000000
-0.5000000000000000 0.5000000000000000 1.0000000000000000
-0.2500000000000000 0.2500000000000000 1.0000000000000000
0.0000000000000000 0.0000000000000000 1.0000000000000000
0.2500000000000000 -0.2500000000000000 1.0000000000000000
0.5000000000000000 -0.5000000000000000 1.0000000000000000
0.7500001788139343 -0.7500002384185791 0.9999999403953552
0.7500000000000000 0.7500000000000000 -1.0000000000000000
0.5000000000000000 0.5000000000000000 -1.0000000000000000
0.2500000000000000 0.2500000000000000 -1.0000000000000000
0.0000000000000000 0.0000000000000000 -1.0000000000000000
-0.2500000000000000 -0.2500000000000000 -1.0000000000000000
-0.5000000000000000 -0.5000000000000000 -1.0000000000000000
-0.7500001788139343 -0.7500002384185791 -0.9999999403953552
0.7500001192092896 -1.0000002384185791 0.7499998807907104
0.5000000000000000 -1.0000000000000000 0.5000000000000000
0.2500000000000000 -1.0000000000000000 0.2500000000000000
0.0000000000000000 -1.0000000000000000 0.0000000000000000
-0.2500000000000000 -1.0000000000000000 -0.2500000000000000
-0.5000000000000000 -1.0000000000000000 -0.5000000000000000
-0.7500000000000000 -1.0000002384185791 -0.7500000000000000
0.7500000000000000 0.5000000000000000 -0.7500000000000000
0.7500000000000000 0.2500000000000000 -0.5000000000000000
0.5000000000000000 0.2500000000000000 -0.7500000000000000
0.7500000000000000 0.0000000000000000 -0.2500000000000000
0.5000000000000000 0.0000000000000000 -0.5000000000000000
0.2500000000000000 0.0000000000000000 -0.7500000000000000
0.7500000000000000 -0.2500000000000000 0.0000000000000000
0.5000000000000000 -0.2500000000000000 -0.2500000000000000
0.2500000000000000 -0.2500000000000000 -0.5000000000000000
0.0000000000000000 -0.2500000000000000 -0.7500000000000000
0.7500000000000000 -0.5000000000000000 0.2500000000000000
0.5000000000000000 -0.5000000000000000 0.0000000000000000
0.2500000000000000 -0.5000000000000000 -0.2500000000000000
0.0000000000000000 -0.5000000000000000 -0.5000000000000000
-0.2500000000000000 -0.5000000000000000 -0.7500000000000000
0.7500000000000000 -0.7500000000000000 0.5000000000000000
0.5000000000000000 -0.7500000000000000 0.2500000000000000
0.2500000000000000 -0.7500000000000000 0.0000000000000000
0.0000000000000000 -0.7500000000000000 -0.2500000000000000
-0.2500000000000000 -0.7500000000000000 -0.5000000000000000
-0.5000000000000000 -0.7500000000000000 -0.7500000000000000
0.7500000000000000 -0.5000000000000000 0.7500000000000000
0.7500000000000000 -0.2500000000000000 0.5000000000000000
0.5000000000000000 -0.2500000000000000 0.7500000000000000
0.7500000000000000 0.0000000000000000 0.2500000000000000
0.5000000000000000 0.0000000000000000 0.5000000000000000
0.2500000000000000 0.0000000000000000 0.7500000000000000
0.7500000000000000 0.2500000000000000 0.0000000000000000
0.5000000000000000 0.2500000000000000 0.2500000000000000
0.2500000000000000 0.2500000000000000 0.5000000000000000
0.0000000000000000 0.2500000000000000 0.7500000000000000
0.7500000000000000 0.5000000000000000 -0.2500000000000000
0.5000000000000000 0.5000000000000000 0.0000000000000000
0.2500000000000000 0.5000000000000000 0.2500000000000000
0.0000000000000000 0.5000000000000000 0.5000000000000000
-0.2500000000000000 0.5000000000000000 0.7500000000000000
0.7500000000000000 0.7500000000000000 -0.5000000000000000
0.5000000000000000 0.7500000000000000 -0.2500000000000000
0.2500000000000000 0.7500000000000000 0.0000000000000000
0.0000000000000000 0.7500000000000000 0.2500000000000000
-0.2500000000000000 0.7500000000000000 0.5000000000000000
-0.5000000000000000 0.7500000000000000 0.7500000000000000
-0.7500000000000000 0.7500000000000000 0.5000000000000000
-0.5000000000000000 0.7500000000000000 0.2500000000000000
-0.7500000000000000 0.5000000000000000 0.2500000000000000
-0.2500000000000000 0.7500000000000000 0.0000000000000000
-0.5000000000000000 0.5000000000000000 0.0000000000000000
-0.7500000000000000 0.2500000000000000 0.0000000000000000
0.0000000000000000 0.7500000000000000 -0.2500000000000000
-0.2500000000000000 0.5000000000000000 -0.2500000000000000
-0.5000000000000000 0.2500000000000000 -0.2500000000000000
-0.7500000000000000 0.0000000000000000 -0.2500000000000000
0.2500000000000000 0.7500000000000000 -0.5000000000000000
0.0000000000000000 0.5000000000000000 -0.5000000000000000
-0.2500000000000000 0.2500000000000000 -0.5000000000000000
-0.5000000000000000 0.0000000000000000 -0.5000000000000000
-0.7500000000000000 -0.2500000000000000 -0.5000000000000000
0.5000000000000000 0.7500000000000000 -0.7500000000000000
0.2500000000000000 0.5000000000000000 -0.7500000000000000
0.0000000000000000 0.2500000000000000 -0.7500000000000000
-0.2500000000000000 0.0000000000000000 -0.7500000000000000
-0.5000000000000000 -0.2500000000000000 -0.7500000000000000
-0.7500000000000000 -0.5000000000000000 -0.7500000000000000
-0.7500000000000000 0.5000000000000000 0.7500000000000000
-0.7500000000000000 0.2500000000000000 0.5000000000000000
-0.5000000000000000 0.2500000000000000 0.7500000000000000
-0.7500000000000000 0.0000000000000000 0.2500000000000000
-0.5000000000000000 0.0000000000000000 0.5000000000000000
-0.2500000000000000 0.0000000000000000 0.7500000000000000
-0.7500000000000000 -0.2500000000000000 0.0000000000000000
-0.5000000000000000 -0.2500000000000000 0.2500000000000000
-0.2500000000000000 -0.2500000000000000 0.5000000000000000
0.0000000000000000 -0.2500000000000000 0.7500000000000000
-0.7500000000000000 -0.5000000000000000 -0.2500000000000000
-0.5000000000000000 -0.5000000000000000 0.0000000000000000
-0.2500000000000000 -0.5000000000000000 0.2500000000000000
0.0000000000000000 -0.5000000000000000 0.5000000000000000
0.2500000000000000 -0.5000000000000000 0.7500000000000000
-0.7500000000000000 -0.7500000000000000 -0.5000000000000000
-0.5000000000000000 -0.7500000000000000 -0.2500000000000000
-0.2500000000000000 -0.7500000000000000 0.0000000000000000
0.0000000000000000 -0.7500000000000000 0.2500000000000000
0.2500000000000000 -0.7500000000000000 0.5000000000000000
0.5000000000000000 -0.7500000000000000 0.7500000000000000
1.0003743171691895 0.9975548982620239 -1.0016220808029175
0.9971301555633545 1.0019102096557617 -1.0013101100921631
-1.0000000000000000 0.9988024234771729 1.0009778738021851
-0.9990347027778625 1.0005220174789429 1.0005390644073486
1.0007244348526001 -1.0001008510589600 0.9991113543510437
1.0001606941223145 -0.9971888661384583 1.0030194520950317
0.9975976347923279 -1.0012556314468384 1.0011450052261353
-1.0006124973297119 -1.0016018152236938 -0.9971810579299927
-1.0007112026214600 -0.9973125457763672 -1.0027689933776855
-0.9962657690048218 -1.0020593404769897 -1.0014774799346924
